# 
1 1 0.06543937304142669
2 2 0.019264331694149248
3 3 0.03128367660283102
4 4 0.0013596276438404276
5 5 0.056425474653165414
6 6 -0.09350023653284632
7 7 0.04995618704545579
8 8 0.09566234857436814
9 9 0.038187400841656144
10 10 -0.06153533876423474
11 11 -0.04795897708032013
12 12 -0.011627213173716802
13 13 -0.04589648258854025
14 14 0.009173296771245204
15 15 0.07764986134461638
16 16 0.08147979654102536
17 17 0.08524378062489504
18 18 -0.007931390162713076
19 19 -0.026593557975603144
20 20 -0.04054691850147383
21 21 -0.09825793750082375
22 22 -0.013871501743256048
23 23 0.09572481389720464
24 24 -0.06874059012481562
25 25 -0.03291597168398862
26 26 0.053854093738868125
27 27 0.0876671515067918
28 28 0.0080303015827069
29 29 -0.03054516821395735
30 30 0.0373142195848582
31 31 -0.04336933165021746
32 32 0.029072257731428824
33 33 -0.033146894039263006
34 34 0.07168888974867305
35 35 0.02328748100910298
36 36 -0.047133527942978516
37 37 0.04885578211637892
38 38 -0.04324201811445627
39 39 0.04315400534725841
40 40 0.021710235376498008
41 41 0.09666960501126204
42 42 0.03730791989222562
43 43 -0.06654790753724363
44 44 -0.037914611356099574
45 45 -0.07061879123550192
46 46 -0.043836405472805165
47 47 0.025235688447090843
48 48 0.050324156743353554
49 49 -0.09898585053514067
50 50 0.032944157080098874
51 51 -0.03905924343921126
52 52 -0.08491250864276223
53 53 0.012624014898069774
54 54 0.020135257635532228
55 55 -0.06609585726211856
56 56 -0.08113864182749544
57 57 0.09063136908453082
58 58 -0.004242895629061286
59 59 0.09556792667606015
60 60 0.0013445304500410427
61 61 0.040147757228615966
62 62 0.06887155317710503
63 63 0.03411843464386974
64 64 -0.0932432916259304
65 65 -0.052575681148943246
66 66 -0.07898814453318777
67 67 -0.042991828011289514
68 68 0.024473051455016284
69 69 0.0582553660698594
70 70 0.024227360565326733
71 71 0.053248530479725914
72 72 0.08679330663337356
73 73 -0.03626591466691119
74 74 0.03475044269909583
75 75 -0.002936733713096301
76 76 0.034489862504540336
77 77 0.044405243561488505
78 78 -0.07836764730231308
79 79 -0.02093601643533824
80 80 -0.05912196356205353
81 81 0.07177303154004297
82 82 -0.0017010522806129857
83 83 0.039935859371571986
84 84 0.0877690000313959
85 85 0.01718673155359693
86 86 -0.09619044714667871
87 87 0.009340878161391092
88 88 0.018519957285784844
89 89 0.05691795189009552
90 90 -0.0214644355324054
91 91 0.0589701557772033
92 92 0.04308362962134654
93 93 -0.07705892837582573
94 94 -0.010548548514860354
95 95 0.007195427350661546
96 96 -0.03858553856314988
97 97 0.040868280694311254
98 98 0.030513925368571504
99 99 -0.09097546320755837
100 100 -0.06445709505635917
101 101 -0.022148934331718426
102 102 -0.049190864333436585
103 103 -0.08283690939075479
104 104 0.04812703795394385
105 105 -0.008411660929417294
106 106 -0.006712119667608027
107 107 0.07965747667133102
108 108 0.01356939857601111
109 109 -0.03460007551352724
110 110 0.05905874755796603
111 111 -0.09308647953573729
112 112 0.04194777008191952
113 113 0.025355908830689944
114 114 -0.0844105236423768
115 115 0.005200849985863343
116 116 0.007943537491960612
117 117 0.09676835130927694
118 118 0.016475837996386883
119 119 -0.08439540456452983
120 120 -0.041789428476249696
121 121 0.048057868827511535
122 122 -0.03552472060346616
123 123 0.0693683144607847
124 124 0.09400903186006307
125 125 0.07109436396595759
126 126 0.07889053813247718
127 127 0.05364097358491987
128 128 0.013126632501552618
129 129 -0.040810569239402454
130 130 -0.03802469105168929
131 131 -0.04270876866829024
132 132 -0.03955186574348551
133 133 0.023298036671182243
134 134 -0.046053477959580175
135 135 -0.04122496781374599
136 136 0.08813841126183666
137 137 -0.08705041418084476
138 138 -0.053854081379507736
139 139 -0.04732906225080307
140 140 -0.007369139944156972
141 141 0.019980410455065864
142 142 0.04586142827409062
143 143 -0.06794813520321952
144 144 -0.046980404754250076
145 145 0.04241513595639909
146 146 -0.03090755106874206
147 147 0.004238748802393388
148 148 0.026856784975963444
149 149 -0.09394340496210676
150 150 -0.09744080077216039
151 151 0.06758104557032701
152 152 0.05563126752828115
153 153 -0.09933766751038622
154 154 0.004816028788511992
155 155 0.06160383362737887
156 156 -0.051673439655812864
157 157 0.03231904222971346
158 158 0.032011069350712906
159 159 -0.08520410369335646
160 160 -0.036544313853438065
161 161 -0.042562643284709246
162 162 -0.03364108075679173
163 163 0.0031981251066396793
164 164 -0.09172411471162739
165 165 -0.08567959018687069
166 166 0.022891108317684997
167 167 -0.06885774843080109
168 168 -0.03859407025792743
169 169 -0.0811490115287527
170 170 -0.06445667336349559
171 171 -0.030274655232471887
172 172 -0.020848835742713456
173 173 0.09986041901112108
174 174 -0.02984338665836328
175 175 0.009623453211686367
176 176 -0.07373166465418389
177 177 -0.07607570550688868
178 178 0.03592289289767142
179 179 -0.025298874223437934
180 180 0.07728653626846008
181 181 0.0917855049078948
182 182 -0.06369863372858771
183 183 0.007225047708353777
184 184 0.04276786827742557
185 185 -0.022802044044281836
186 186 0.05055546053648252
187 187 -0.03795229437227865
188 188 0.006882189038448089
189 189 0.08063628441801518
190 190 0.05715528513546639
191 191 0.06746992766412982
192 192 -0.0030932643447428854
193 193 -0.0922566887776658
194 194 0.052965432840871185
195 195 0.008911646985446803
196 196 0.08784288053918787
197 197 -0.030528561971037815
198 198 0.09285532606613967
199 199 -0.03546931797438389
200 200 -0.07079724601489941
201 201 0.00933077964461182
202 202 -0.056767191537101885
203 203 -0.046492783665842356
204 204 0.015294042939819688
205 205 0.08187446536171958
206 206 -0.02161572685807789
207 207 0.00213890951872113
208 208 -0.0388506677347112
209 209 -0.03026990073163438
210 210 -0.043571675475018994
211 211 -0.08791753401814523
212 212 0.025229165736528558
213 213 0.03860732307468001
214 214 0.03336555429223764
215 215 0.03967426634866417
216 216 0.008954225291682771
1 5 -0.1535672773165182
1 6 -0.3381196671548372
1 7 -0.1423805177605486
1 8 0.0025729787628274714
1 13 0.7478321006869422
1 14 -0.9119989110321534
1 15 0.6943693959617347
1 16 0.5673428194040622
2 1 0.4014130669781182
2 5 -0.2312512208098927
2 6 0.0914276438788022
2 7 -0.5169133055340285
2 8 0.33005847369335917
2 13 -0.5294320468446108
2 14 0.48142529211697593
2 15 0.27121886451415667
2 16 -0.9871943648982591
3 5 0.20759145674056034
3 6 -0.20695092415075722
3 7 -0.6706266983962692
3 8 -0.3990141222611554
4 3 -0.5886988922694296
4 5 0.45774363429545173
4 6 0.17230102621888066
4 7 -0.3319982365674532
4 8 0.18367389978845972
5 6 0.0007989316740131258
5 29 0.8975267546786114
6 30 0.9458507863775909
7 8 0.9788511546532439
7 31 0.4653717825583543
8 32 -0.8278211119338199
9 5 -0.9928586585071408
9 6 -0.4150014226773473
9 13 -0.2754198743000844
9 14 -0.7246873878582092
9 15 0.8865505041424688
9 16 -0.03678502488882596
9 21 0.4428512193754752
9 22 -0.1562071966550338
9 23 -0.848266824182214
9 24 -0.5853288854973546
9 79 0.5265665607755232
9 80 -0.9254977811739886
10 5 -0.30985814062941075
10 6 0.6047582238961247
10 9 -0.6789393158468939
10 13 0.6406124605367716
10 14 0.2307764369303551
10 15 -0.1648049995547245
10 16 0.11596665250296079
10 21 0.6444558726061675
10 22 -0.4636807445866986
10 23 0.7625464270776328
10 24 -0.9086596256470678
10 79 0.37295893739793384
10 80 -0.08298561570476659
11 5 -0.4418800248005219
11 6 0.9735836750233351
11 13 0.9881933475064741
11 14 -0.5083267446572226
11 15 -0.9438794951451368
11 16 0.3282414721830209
11 79 0.36341650884202825
11 80 0.2470053581280245
12 5 -0.8619182621686658
12 6 -0.0519794357100789
12 11 0.15846262476227801
12 13 -0.19474471653114156
12 14 -0.4054158231771212
12 15 0.026788626921958825
12 16 0.5502564543516357
12 79 -0.5145590891142728
12 80 -0.9642573050388565
13 14 -0.20368983799324258
13 37 -0.6512316769912234
14 38 -0.5885845938833223
15 16 -0.4389433799732958
15 39 -0.8190456799184715
16 40 -0.4013733729967912
17 13 0.5620666670549193
17 14 -0.8897039932428841
17 21 0.43062751448106207
17 22 0.17875729065280743
17 23 -0.998759351253969
17 24 -0.7895522223682694
17 87 0.8894939060810392
17 88 0.24836409855113817
17 101 -0.7918444537295803
17 102 0.5172834236915089
17 103 -0.1479754345867863
17 104 -0.13922165029279632
18 13 0.24387350444635847
18 14 0.9627353402307102
18 17 -0.20329758409513476
18 21 -0.7179891328313408
18 22 0.4657308056373133
18 23 -0.8176916821242284
18 24 0.6010048292006567
18 87 0.7955752217892411
18 88 0.264297450701666
18 101 0.41080042459638455
18 102 0.46872202688967035
18 103 0.830083895955227
18 104 0.8852510901455735
19 13 0.9681580874568803
19 14 -0.5935649205457352
19 21 -0.2999049419210811
19 22 -0.4002668603068642
19 23 -0.8335000015750189
19 24 0.6504043965227242
19 77 0.12362624112166198
19 78 -0.4589783303936932
19 79 0.7338308859480844
19 80 0.201947568034893
19 87 0.1679959413703449
19 88 -0.539987852648083
20 13 -0.31368953456217086
20 14 -0.7440952349224514
20 19 -0.6341720129240029
20 21 0.04906501875056124
20 22 -0.821124230561183
20 23 -0.1735729829055026
20 24 -0.972137374590589
20 77 -0.7694830461610414
20 78 0.5209178712019158
20 79 0.20411909808564022
20 80 0.45063248279304235
20 87 -0.832882067044183
20 88 -0.4083989942609645
21 22 -0.3143618703619817
21 45 -0.00022052830804852874
22 46 -0.6913452167641203
23 24 -0.6400542666954552
23 47 -0.8821486246151657
24 48 -0.1642454729829821
25 23 0.05060079737427037
25 24 0.8675106633248424
25 29 0.8112887905399648
25 30 0.7634288572812962
25 31 -0.7758814847887892
25 32 0.31722060439476385
25 37 0.7086624019951242
25 38 -0.8277456080604713
25 39 -0.4061838335966308
25 40 0.27200759123498597
26 23 0.08871189670428836
26 24 -0.1139659810976088
26 25 0.5365315248930316
26 29 0.9022084813729898
26 30 0.07898871508971461
26 31 -0.9726883025393587
26 32 -0.44848676257375053
26 37 0.6895721374906856
26 38 -0.9376994769322555
26 39 0.9204555955657625
26 40 -0.8034371538883789
27 13 0.03402432532668298
27 14 0.835818456540365
27 15 -0.07299088349651384
27 16 0.4393376035100742
27 23 0.4591998464175371
27 24 0.5799672582068456
27 29 0.24538679304324162
27 30 0.03260775018748574
27 31 -0.16954753766302133
27 32 -0.7527616733270788
28 13 -0.14007047454363497
28 14 -0.7060535860452981
28 15 0.297431582484895
28 16 0.2666089586537146
28 23 0.1376792252324328
28 24 0.9551567448385649
28 27 -0.3625568754447601
28 29 0.9821308478951989
28 30 0.0409960402739411
28 31 0.418670685049487
28 32 -0.10224729692999124
29 30 0.04626951182564443
29 53 0.037319528904490085
30 54 0.9483318597898083
31 32 0.6547725437058012
31 55 0.01498013630836903
32 56 0.7292773956596412
33 29 -0.0012645868160559015
33 30 -0.7335507767592562
33 37 0.19715716354131785
33 38 -0.7514518713824871
33 39 0.39545304441088236
33 40 -0.17625505833624722
33 45 0.872902356946933
33 46 0.4710122420793481
33 47 -0.5677425263560749
33 48 0.9658291499341698
33 103 0.823827090928761
33 104 0.5325963613397846
34 29 0.9063922167580094
34 30 0.2664789045627458
34 33 -0.3033794761184263
34 37 0.7845582460145275
34 38 0.7360027212392244
34 39 0.33004382431700274
34 40 -0.41586905184227163
34 45 0.11897125160651445
34 46 -0.7369393840180796
34 47 0.4373352078284871
34 48 -0.8282252807070198
34 103 0.8410236366606849
34 104 0.2601881981358718
35 21 0.7888375496642224
35 22 -0.13457263840080147
35 23 0.885968510214566
35 24 -0.8290086734033102
35 29 -0.5086491525409931
35 30 -0.11794129372046869
35 37 0.9002372454259702
35 38 0.6732261961404842
35 39 0.40717332835452713
35 40 0.3107707320910089
35 103 0.550259685187737
35 104 -0.265038417217081
36 21 -0.7943524882400721
36 22 0.7856618810303377
36 23 0.8455993783475726
36 24 -0.9464800587073487
36 29 -0.9290636296017931
36 30 0.9734146866490334
36 35 -0.17060992384143314
36 37 -0.501044334143721
36 38 0.5234304931495994
36 39 0.6006120640254642
36 40 -0.43614118568708427
36 103 0.6570328450739868
36 104 -0.08534266010285041
37 38 -0.4315726742671737
37 61 0.9273878589995472
38 62 -0.24005534796449046
39 40 -0.32970201882230565
39 63 0.19010808976985483
40 64 0.6779977676895124
41 37 0.8581644600222409
41 38 -0.14984582565501858
41 45 0.07430677173101441
41 46 -0.25740350801615675
41 47 -0.5411832126500562
41 48 0.9854534779899367
41 111 0.8706849527039515
41 112 0.8609642600884901
41 125 0.7999221360417907
41 126 0.10874477129605253
41 127 0.6676067643282146
41 128 -0.08617997193765925
42 37 0.5811672862338442
42 38 0.2852884702195164
42 41 0.3364848177530888
42 45 0.8646247135442451
42 46 0.7218692043475767
42 47 -0.0676950314222331
42 48 -0.3743916365545352
42 111 0.8249677166826528
42 112 0.09210389472971081
42 125 0.04011607391002414
42 126 0.9746009302599146
42 127 -0.9261388166305184
42 128 0.49128233247804687
43 37 0.8485872029824622
43 38 0.06894037232162309
43 45 0.4214619694706745
43 46 -0.1680418819566405
43 47 0.1289631971603784
43 48 0.06987206289958636
43 101 -0.8635328719161908
43 102 0.5075547119210129
43 103 -0.592898789320998
43 104 -0.8248163959742421
43 111 -0.44521311986957435
43 112 0.4636421980189256
44 37 -0.5382236494299433
44 38 0.9820041459260804
44 43 0.5429781640733387
44 45 -0.2655617765576699
44 46 0.35176228855145597
44 47 0.054873621429609276
44 48 -0.021258581158295486
44 101 0.37041522680562
44 102 0.311911832856717
44 103 0.27012808363191954
44 104 0.5830750596200136
44 111 -0.46294753767476937
44 112 -0.8029910411524843
45 46 0.4651292771797171
45 69 0.35213456785436037
46 70 0.9684512755188104
47 48 -0.0786707361691239
47 71 -0.05235932327093984
48 72 -0.37578204803712123
49 47 0.22510632388302176
49 48 -0.04435097223677009
49 53 0.28068665293869843
49 54 -0.5928121861409619
49 55 -0.6559154007185015
49 56 -0.8185135369237606
49 61 0.8991226499910894
49 62 -0.15156458449647414
49 63 -0.12218946754748727
49 64 0.08652938545866884
50 47 0.7570638064216788
50 48 0.8356896540269034
50 49 0.5314779816890889
50 53 0.0968595464457973
50 54 -0.5168586290739934
50 55 0.027000382414625212
50 56 -0.017805485234219764
50 61 0.05021670622981844
50 62 0.7293945076468964
50 63 0.06167960157450292
50 64 -0.00021676728611863538
51 37 -0.9421485671001262
51 38 -0.6907173289117081
51 39 -0.995359023789687
51 40 -0.2643670417068693
51 47 0.7468292055252652
51 48 -0.5535586782237427
51 53 0.22138181903388388
51 54 -0.6749431784627622
51 55 0.4394669188310911
51 56 -0.8875162067025693
52 37 -0.1320792827705719
52 38 0.24419217163794382
52 39 -0.06762608500344247
52 40 0.4126058518350173
52 47 0.3122872334869524
52 48 -0.9209816675971982
52 51 0.7359623989033357
52 53 -0.9295542757001387
52 54 -0.6015190882295967
52 55 0.48408546017383736
52 56 0.22445771687034255
53 54 -0.555754076739515
55 56 0.7746042415724987
57 53 0.19311896972884912
57 54 -0.6544699558738174
57 61 0.6746810727843822
57 62 -0.055381402616790254
57 63 0.426691222980782
57 64 0.07475876946355897
57 69 0.3109577051954049
57 70 0.7596462022920976
57 71 0.24646377915516027
57 72 0.6333814973202749
57 127 -0.48508420891244186
57 128 0.17901724550474873
58 53 0.37946522960093665
58 54 -0.06697875110875806
58 57 0.9985643984643291
58 61 -0.08567938850399703
58 62 -0.12298812133057013
58 63 -0.7488503043031571
58 64 -0.823304697969163
58 69 -0.7751202573138343
58 70 0.9710935688181148
58 71 -0.5629038004188336
58 72 -0.1408919884806743
58 127 0.0954951530473136
58 128 0.97667862808903
59 45 0.17407772298208313
59 46 -0.6884164706635472
59 47 0.7327655399217157
59 48 -0.16255530100855187
59 53 -0.9465330067156896
59 54 -0.26071856131676885
59 61 -0.14638747045862832
59 62 -0.23043215483174428
59 63 -0.6321780294362509
59 64 0.018353312536059985
59 127 -0.45773650346932504
59 128 -0.2709634745082852
60 45 0.6082420647594424
60 46 -0.2224560673166962
60 47 -0.09895517182265468
60 48 0.7716174698866753
60 53 0.23783766681177476
60 54 0.5206351680429764
60 59 -0.7501698107019195
60 61 0.016670936858819596
60 62 0.4509907312355699
60 63 -0.3833580828227736
60 64 0.4238978726060554
60 127 -0.040385889148979004
60 128 -0.11759071416843225
61 62 -0.03574299053043939
63 64 0.7084451037976189
65 61 0.35426797060669846
65 62 0.6882343829584943
65 69 -0.2622338780342741
65 70 -0.8012201843150488
65 71 0.12209727382930713
65 72 0.8291422808756452
65 135 0.7358774344950212
65 136 0.603738637748265
66 61 -0.06118613053759736
66 62 0.0744544384622099
66 65 -0.31620703817333884
66 69 -0.8613944854709557
66 70 0.8333346555352457
66 71 0.545209976571513
66 72 -0.914735756841252
66 135 -0.18305811852491383
66 136 -0.151080326440721
67 61 0.12744100391763946
67 62 -0.3739748575850079
67 69 -0.5190126349947168
67 70 0.9384259136086563
67 71 0.6352229308780168
67 72 -0.0915765340167709
67 125 -0.7333905540900347
67 126 0.9897082721396424
67 127 -0.30801971729108124
67 128 0.5635634991214267
67 135 0.313436075001188
67 136 0.04704407014846401
68 61 -0.6765683296615941
68 62 -0.11188400833507095
68 67 -0.8859835142079617
68 69 0.916003548946362
68 70 0.9072219866085376
68 71 -0.21577326372954264
68 72 -0.23587030566432365
68 125 -0.04102869090300687
68 126 0.5500886647806262
68 127 -0.8181278371945395
68 128 0.3160024168911624
68 135 -0.5580355206571601
68 136 -0.6368594624320021
69 70 0.6632580285844485
71 72 -0.33535821050715997
73 1 0.2195824357012086
73 77 0.7256663005314319
73 78 0.8717283707859047
73 79 0.6934661789024237
73 80 -0.7469368354842432
73 85 0.8320601439279971
73 86 0.6256871532168362
73 87 0.18060034413978854
73 88 0.17064475111262123
74 2 -0.26464702793241
74 73 0.13066872428156828
74 77 0.7352490703917962
74 78 0.18899745532283885
74 79 -0.43323927781804494
74 80 0.4656804083919668
74 85 0.9314450866409685
74 86 -0.0030561279152065968
74 87 -0.7119317416073265
74 88 0.4304567145660414
75 3 -0.971699773102078
75 77 -0.7876079507184772
75 78 -0.1660029874857898
75 79 0.8205288594826683
75 80 0.03980980349226426
76 4 -0.8582681906182412
76 75 0.10128193051121515
76 77 -0.9066631373692564
76 78 0.4307275029446558
76 79 0.6679670134313409
76 80 -0.34570289435320856
77 78 0.12348635859896273
77 101 0.762434685352871
78 102 -0.974881217488089
79 80 -0.898155971421257
79 103 0.289635573714085
80 104 0.551866050507742
81 9 0.401403403791039
81 77 -0.09131030519882377
81 78 0.5567990622733048
81 85 0.8153429554442722
81 86 0.11276837896723713
81 87 0.6471410991119695
81 88 -0.6160865531060402
81 93 0.7254684243438372
81 94 0.6705057789310414
81 95 -0.4019982218753628
81 96 -0.9712475777053571
81 151 -0.059764935068395975
81 152 -0.6334960141937849
82 10 -0.30631118168931093
82 77 0.9161338368235032
82 78 -0.9338927368646361
82 81 -0.8491702854762357
82 85 0.23256249336950452
82 86 0.04629321544821052
82 87 -0.1414862946631732
82 88 0.6280961137136634
82 93 -0.04287169566593474
82 94 -0.6498256059207563
82 95 0.928054704324754
82 96 -0.01271756514328981
82 151 -0.6930312118605841
82 152 0.23267749793660597
83 11 -0.16411560874418885
83 77 0.5709354810188076
83 78 -0.8925110662522564
83 85 0.5209784665062704
83 86 -0.7534282891256654
83 87 0.19473109924116883
83 88 0.4909180854002402
83 151 -0.2626620743210075
83 152 0.017737942356087277
84 12 -0.5567421118809184
84 77 -0.983802619663499
84 78 0.738445395512221
84 83 -0.28075876016250945
84 85 -0.9266045230294848
84 86 0.7913640570848157
84 87 -0.10426591208095459
84 88 -0.8350095378786717
84 151 -0.03998910383877208
84 152 0.9133335348076013
85 86 0.461366587335863
85 109 -0.28635368494352753
86 110 -0.7211545182711041
87 88 -0.2676115070609144
87 111 -0.3309276246037347
88 112 0.762861264423103
89 17 0.4654927993330835
89 85 0.755775215978566
89 86 0.2061527041707636
89 93 0.7202222030457823
89 94 -0.19851444484974068
89 95 0.6250877538908826
89 96 0.3569581762992977
89 159 0.10807303352708653
89 160 0.7823643272876757
89 173 0.8219807531115293
89 174 -0.21520907023315905
89 175 0.4664745025398218
89 176 0.9412332227943334
90 18 -0.4824146180532223
90 85 0.2594997373435617
90 86 0.12058819358252948
90 89 -0.13920400850161774
90 93 0.7672010823964535
90 94 -0.31779760229130827
90 95 -0.15872747229513617
90 96 -0.05258317173158811
90 159 0.25176787360505304
90 160 0.6748533872685214
90 173 0.7692582504131837
90 174 0.7132055896615814
90 175 0.43859622133159104
90 176 -0.7168049100203118
91 19 -0.6507625555870036
91 85 0.66367522895793
91 86 -0.464596878357006
91 93 0.9556554643396078
91 94 -0.2293792820477396
91 95 -0.10943201643058798
91 96 0.09612319354990251
91 149 0.5787145600944714
91 150 -0.48706895907662595
91 151 0.4010407519137684
91 152 0.7799270945206263
91 159 0.8225849475698612
91 160 0.8069705423465434
92 20 -0.7277059635538485
92 85 -0.8816406546957214
92 86 0.06024952296744024
92 91 -0.38974111017231317
92 93 -0.7902600093616092
92 94 0.7004817261740461
92 95 -0.6803616624588991
92 96 0.060952576075678166
92 149 -0.30879982671773365
92 150 0.6784058251511456
92 151 -0.6700358080343278
92 152 0.7044729782227546
92 159 -0.640745564647548
92 160 -0.6125208059674403
93 94 -0.2517438379060615
93 117 -0.43831403860666884
94 118 0.38122681320716656
95 96 0.5205970598290719
95 119 0.11722316308845104
96 120 0.012838723308720823
97 21 -0.3517514332823608
97 22 -0.7224089971881216
97 25 -0.04266889341288427
97 95 -0.9900552827167011
97 96 0.09982720282789193
97 101 -0.10378468631022475
97 102 0.4775894647152228
97 103 0.09541937420872504
97 104 -0.6790357227968837
97 109 0.5742318977264422
97 110 0.16420816718686848
97 111 0.20151741834562253
97 112 0.96986106980679
98 21 -0.9311955213428651
98 22 -0.8723869201200993
98 26 0.9119271919420142
98 95 0.4468795294409109
98 96 0.8368333510580186
98 97 -0.6934604587201363
98 101 -0.022452755006574288
98 102 0.5378550867973999
98 103 0.5958797319114986
98 104 0.2410813692703866
98 109 -0.11761334281393698
98 110 -0.18370075930752816
98 111 -0.5572661520430184
98 112 -0.48568086829331136
99 21 -0.4585479946673914
99 22 -0.9220758266246318
99 27 -0.7700386598578861
99 85 0.03676782072199214
99 86 -0.6154213544327081
99 87 -0.47654467954777036
99 88 0.05356287206936439
99 95 0.3572319223794129
99 96 -0.6193060580279808
99 101 0.5897686829787663
99 102 -0.26235555461821614
99 103 0.4299184355367933
99 104 0.5327330165870641
100 21 -0.6660124479438989
100 22 -0.2371622377664
100 28 0.20331979627110552
100 85 0.7942743134902321
100 86 -0.6127273796397406
100 87 -0.8449252756160737
100 88 0.7294647728923442
100 95 -0.4213431197823003
100 96 -0.5823931465686558
100 99 0.5263788060360204
100 101 0.7367512414497297
100 102 0.7825977838936684
100 103 -0.12161222386299175
100 104 0.9346301107409429
101 102 0.9509816513600196
101 125 0.27123033358224014
102 126 -0.008381080286565146
103 104 -0.5259994427665724
103 127 0.32763727638394724
104 128 0.14998968636623422
105 33 0.053780024623040434
105 101 -0.11135037981518714
105 102 -0.7905773031617487
105 109 0.6802161088648424
105 110 -0.28505186213952904
105 111 -0.11143234137312619
105 112 0.831586046725225
105 117 -0.5063707859012774
105 118 -0.5235831903359314
105 119 0.22589940408759634
105 120 -0.5653551884747932
105 175 0.34580840920041966
105 176 -0.45402501908698345
106 34 0.7222396387765153
106 101 -0.36370576918458264
106 102 -0.6648144716172819
106 105 -0.848542502526483
106 109 -0.33654133633872463
106 110 0.6261855505683118
106 111 0.1934643784402239
106 112 0.9493982475505134
106 117 0.8859408236584074
106 118 0.5166372319910004
106 119 -0.48265745679879424
106 120 0.09276515328805535
106 175 -0.2206646769795808
106 176 -0.545483681110424
107 35 -0.09182824540097134
107 93 -0.0850266455120674
107 94 0.8968156860913448
107 95 0.8251968578842217
107 96 -0.7433803356071527
107 101 0.20700014043932424
107 102 -0.40658150685965166
107 109 0.9050966639124713
107 110 0.4630147562630609
107 111 -0.1704573857116498
107 112 -0.4238111335862418
107 175 -0.9589296728913024
107 176 0.1837103024089004
108 36 0.4402749277835116
108 93 0.9165548665680807
108 94 0.8693982713528003
108 95 0.9314642101686912
108 96 -0.3466414032192726
108 101 -0.3555183742465682
108 102 -0.20163892003231343
108 107 0.7065407320526953
108 109 0.1907237204704555
108 110 -0.4537565213535719
108 111 0.7448686808965481
108 112 -0.5400802627449681
108 175 -0.5854268309758239
108 176 0.21665717680717012
109 110 0.3393719898828178
109 133 0.15637387247921852
110 134 0.04564485892035841
111 112 -0.13959750628518042
111 135 -0.9100325015121191
112 136 -0.739223590687921
113 41 0.6466293938426491
113 109 0.8331416701126602
113 110 -0.6606185142918901
113 117 0.10423203882621124
113 118 -0.5314503971601066
113 119 0.0028835041943700013
113 120 -0.7844113539075892
113 183 0.5811779180265022
113 184 -0.36004421688247357
113 197 0.8297691798820754
113 198 0.07917010260575386
113 199 -0.4520415584812061
113 200 0.5358809002169931
114 42 0.1539019409078839
114 109 -0.023883451396252253
114 110 -0.3435819688456305
114 113 0.056723881587359415
114 117 -0.36999114424459845
114 118 0.4731268110582567
114 119 0.6255458204368312
114 120 0.16093549435605037
114 183 0.9823311784934465
114 184 -0.38638169441354453
114 197 0.4315899571256425
114 198 0.026279949179513817
114 199 0.2306097181264959
114 200 0.043477909220955624
115 43 -0.16152709971251533
115 109 -0.2686823238649745
115 110 0.6257727458278606
115 117 0.8052178571494517
115 118 -0.08388171011249401
115 119 -0.18916250533771328
115 120 0.6365531289238238
115 173 0.058606710723478894
115 174 0.5763200647094393
115 175 0.6400889715771589
115 176 -0.07082719653118041
115 183 0.08135947549957834
115 184 0.527643893042395
116 44 0.6739837459208451
116 109 -0.7822716320534338
116 110 0.9534506089691299
116 115 0.9411672326286005
116 117 0.6075252650300433
116 118 -0.42285755750410803
116 119 0.03594142720549609
116 120 -0.2261181755876236
116 173 0.6985918020659794
116 174 0.7195228179917215
116 175 0.36831705148730376
116 176 -0.9658785382000694
116 183 0.8540450451407213
116 184 0.9603890088581026
117 118 -0.34103368573977844
117 141 -0.10018437888497944
118 142 -0.7139281447321311
119 120 0.3483947885203498
119 143 -0.861184589859691
120 144 0.9271823240239092
121 45 0.2797059890174638
121 46 0.6899003217608335
121 49 -0.9890888397150346
121 119 -0.12387238364355868
121 120 0.059654550112423266
121 125 0.9894557389273058
121 126 0.9781298678684474
121 127 -0.23807020822470903
121 128 0.3286521641791924
121 133 -0.9589750116915432
121 134 -0.22418933009764008
121 135 -0.9660491769148634
121 136 -0.3682267923576237
122 45 -0.7481636672993568
122 46 -0.3073058915660032
122 50 -0.6907226681501197
122 119 0.018780215473296336
122 120 -0.6840181519078814
122 121 -0.09797140288850725
122 125 0.2134864903710123
122 126 0.9926755568618579
122 127 -0.9637128105126092
122 128 0.06925911693766218
122 133 0.7568322929670701
122 134 0.7976470343565294
122 135 -0.12980693677351351
122 136 -0.08545595571010534
123 45 0.7689862893162405
123 46 -0.9769166071667252
123 51 -0.38520397735121303
123 109 0.05249640561225788
123 110 0.1466426015598783
123 111 -0.3506796222823627
123 112 0.7939562149932988
123 119 -0.9740284982129828
123 120 0.3648875482775522
123 125 0.3120619160889069
123 126 -0.7085120691869706
123 127 0.30426807669476275
123 128 -0.4053200375861561
124 45 0.13815866432604662
124 46 -0.8964900853112485
124 52 0.7561500833602264
124 109 0.48068402116113496
124 110 -0.9675845383348949
124 111 -0.26411880549936706
124 112 0.8973358835971843
124 119 0.07698883743312734
124 120 -0.7553213007117625
124 123 0.8094512483545531
124 125 -0.08876536344625419
124 126 -0.4791778767088264
124 127 0.17800144296843756
124 128 -0.8460105012919454
125 126 0.9999902684341235
127 128 -0.7939272074235515
129 57 0.5170438631195331
129 125 -0.6982733489250681
129 126 -0.123738851375788
129 133 -0.4211821506382283
129 134 -0.39037719439656904
129 135 -0.34603499893701506
129 136 0.6992351555452847
129 141 0.285703403891145
129 142 -0.4691720612553092
129 143 0.32361653150862213
129 144 -0.7588210184762711
129 199 0.8106531707029105
129 200 -0.8180343241841674
130 58 -0.9122585877433602
130 125 0.16717695945123845
130 126 -0.8930518943806811
130 129 -0.2298414059748075
130 133 -0.7112629615155579
130 134 -0.4104205959632887
130 135 -0.815565222088682
130 136 -0.9505806506354479
130 141 0.8077274354933357
130 142 0.27804506977900756
130 143 0.9372842125216023
130 144 -0.3161579118560578
130 199 -0.8981048869458659
130 200 0.7987853108009682
131 59 -0.47357292322087297
131 117 -0.6723188484541269
131 118 -0.16956637369397187
131 119 0.18903455001412106
131 120 -0.9433031179081075
131 125 -0.0032310739599772376
131 126 -0.6399389853142143
131 133 0.9243933368716404
131 134 0.5676502389738234
131 135 0.5215185087650842
131 136 -0.6292496304941315
131 199 -0.12791600044182183
131 200 0.21901553985663336
132 60 0.8586795526492241
132 117 -0.8727747151872827
132 118 -0.2430596714017299
132 119 -0.7917903143095966
132 120 0.9405264728689129
132 125 -0.6841522953876895
132 126 0.7925923180481638
132 131 -0.6369720842117284
132 133 0.769173092393169
132 134 0.4666403331057185
132 135 0.6689257054067674
132 136 -0.9655310087909239
132 199 0.21539686065753538
132 200 -0.4901279331716326
133 134 -0.414674744304945
135 136 0.9546519032528362
137 65 -0.55138443498875
137 133 -0.7390043054750357
137 134 0.3001911574773619
137 141 0.8159057390729785
137 142 0.524655578362555
137 143 0.04641887440513903
137 144 0.26343336041708754
137 207 0.45693146314065114
137 208 -0.07596587380710429
138 66 -0.8587629415843943
138 133 0.20891793084776245
138 134 -0.7363228164053763
138 137 -0.20065110440462086
138 141 0.4559072463712277
138 142 0.5407631187646063
138 143 -0.6671782323947129
138 144 -0.8420137426047662
138 207 0.32093251510291987
138 208 0.24985472858596092
139 67 0.9406373238352463
139 133 -0.4591808134892619
139 134 0.6240570343539622
139 141 0.7164270568475328
139 142 -0.9851915240986389
139 143 0.5514210342659036
139 144 0.7928105238464309
139 197 0.09656270724744176
139 198 0.2741264968021253
139 199 0.1437980605270488
139 200 -0.15502221805767968
139 207 -0.9886459373451826
139 208 -0.6516053025835586
140 68 -0.10090254835739754
140 133 -0.8805062585715959
140 134 -0.9483271140826888
140 139 0.9718102648485236
140 141 -0.7456087004458616
140 142 -0.9768569090565375
140 143 -0.9267356410193113
140 144 -0.28848284876312924
140 197 0.42597721586436177
140 198 0.5274636851212311
140 199 -0.41215237781724623
140 200 -0.6309143726224449
140 207 -0.1717166534292207
140 208 -0.060328719873264935
141 142 0.58126862384216
143 144 -0.9731726990548879
145 73 -0.36704431428678674
145 149 0.06701437251082853
145 150 -0.763612849010844
145 151 -0.7538932958166153
145 152 -0.4914196248374436
145 157 -0.2607426170087459
145 158 -0.3251734974391216
145 159 0.25797923433059267
145 160 0.9753396029456045
146 74 0.886110058233559
146 145 -0.9293914902781446
146 149 0.19501579218922505
146 150 0.7658957370090991
146 151 -0.9594428041345224
146 152 -0.2868914160882263
146 157 -0.8988312443817807
146 158 0.7616839247401219
146 159 0.15324859380434463
146 160 0.10298936650691815
147 75 0.4927241123873545
147 149 -0.1877330155223833
147 150 0.8168876339284257
147 151 -0.03400819492049756
147 152 0.8237426079147985
148 76 -0.7042842458402458
148 147 -0.9839209579748716
148 149 0.7851829235275549
148 150 0.4694839996412694
148 151 0.037453838623104696
148 152 -0.3316058888405504
149 150 -0.8546660650780806
149 173 -0.34873381939805115
150 174 0.9396508503049192
151 152 0.06553593431170346
151 175 -0.9511765965072319
152 176 0.8208908011603822
153 81 0.20861518286342884
153 149 -0.11700998277168706
153 150 0.3585080078120151
153 157 -0.18273609575012295
153 158 -0.7673701689146182
153 159 0.6778945835452996
153 160 -0.48150836391829244
153 165 0.7354982155787788
153 166 -0.4070689017118292
153 167 0.16999888379911487
153 168 0.795647859574178
154 82 -0.5571169240365024
154 149 0.588958080612827
154 150 0.2805873008868771
154 153 0.9970956091528875
154 157 0.5748766857713818
154 158 -0.6897963817791406
154 159 -0.9988799658153729
154 160 0.05848500231292908
154 165 0.4743475182765682
154 166 0.040354204960385553
154 167 0.6215282772208703
154 168 -0.9007114114947732
155 83 -0.7702355185443788
155 149 0.7598298140478681
155 150 -0.3795982568364096
155 157 -0.7064263377529436
155 158 -0.048776837148312824
155 159 -0.4128388532420242
155 160 -0.48779294889007097
156 84 -0.12241171858815902
156 149 -0.9274173139988313
156 150 0.4994459251107215
156 155 0.4497009081343659
156 157 -0.22585857433139833
156 158 -0.19414472918384762
156 159 0.910610722380246
156 160 0.586534547925736
157 158 0.9432210229285698
157 181 -0.07412300092284307
158 182 0.011658877016236913
159 160 -0.8685165226195086
159 183 -0.09684286470214176
160 184 -0.23107248373504774
161 89 -0.11085013191158621
161 157 0.40811494779997326
161 158 -0.16911006326048517
161 165 -0.19806766353054872
161 166 -0.24502855669408796
161 167 -0.6225228786655783
161 168 -0.3313892350712442
162 90 -0.33472253979353117
162 157 0.576279005846625
162 158 0.9487138028604281
162 161 0.9655831948283469
162 165 0.9670097937698108
162 166 0.5353844509413437
162 167 0.23136712495875367
162 168 0.1967702873226984
163 91 -0.7183336658657813
163 157 0.7471485277935064
163 158 0.5161017030745543
163 165 0.965051736402081
163 166 -0.5486527397902439
163 167 -0.08201788579542035
163 168 0.5976829965084012
164 92 0.40518580293189177
164 157 -0.004333554264939643
164 158 0.9603494433103152
164 163 0.34678406690161334
164 165 0.944410002675665
164 166 0.6501315507611629
164 167 0.4432878193260519
164 168 -0.03273790931064302
165 166 -0.03912414231237027
165 189 0.8655375148093782
166 190 0.07090053497181104
167 168 0.5911296932679964
167 191 0.11633278598088159
168 192 -0.14477299997244564
169 93 -0.16432448037301484
169 94 -0.6107817861618896
169 97 0.5200334120750554
169 167 0.15235348525387282
169 168 0.634958156893888
169 173 0.585411687421401
169 174 -0.7837136869985399
169 175 -0.560400041261947
169 176 -0.9306434588473527
169 181 -0.2825114602944785
169 182 0.5668701519106394
169 183 -0.6455331558601589
169 184 -0.9452196532013835
170 93 0.5574425477455136
170 94 0.8274299047485647
170 98 -0.8301629805511077
170 167 -0.8673888930700384
170 168 0.07420583268607972
170 169 -0.8339957016016974
170 173 0.6226343038441688
170 174 -0.604260663010789
170 175 0.11536002142538804
170 176 -0.7814873707649541
170 181 -0.4283243432603763
170 182 -0.4233377658885993
170 183 -0.022398557548337195
170 184 -0.23527083208675115
171 93 0.8506219368124668
171 94 -0.5697962439644921
171 99 -0.4134159896129457
171 157 -0.3116694975513288
171 158 -0.5975395147896452
171 159 0.5789264481932139
171 160 -0.15436778329280076
171 167 -0.38718751301768717
171 168 -0.185550977314765
171 173 0.4986719248704332
171 174 -0.6471936938623712
171 175 0.578165423242472
171 176 -0.8265736326168642
172 93 -0.016029940404335807
172 94 0.4936151679648666
172 100 0.39138980786520317
172 157 0.4317848172966541
172 158 -0.030390211908793097
172 159 -0.5327579284249742
172 160 -0.06894910559270517
172 167 -0.015223873177135694
172 168 -0.2652682788315346
172 171 0.10339257361125087
172 173 0.49229139564010627
172 174 -0.9721873154691008
172 175 0.514774947397564
172 176 -0.35912752899774514
173 174 0.38814402793902403
173 197 -0.2262506693628723
174 198 0.637590757423159
175 176 -0.6970152453876861
175 199 -0.2555192928816421
176 200 -0.14477716346420655
177 105 0.7515141155939744
177 173 -0.918678276269872
177 174 0.5824839166552183
177 181 -0.8862002481228439
177 182 0.2796434302137205
177 183 0.04260197078812644
177 184 0.7216958808766205
177 189 0.8889082896894294
177 190 -0.7904160331316701
177 191 -0.8591283049470473
177 192 0.2460870412183358
178 106 0.7687457388969505
178 173 0.7247143603621133
178 174 -0.08759102552991926
178 177 -0.7160721209381624
178 181 0.13130915559198275
178 182 -0.525144573436126
178 183 -0.744271759307938
178 184 -0.5605690870073066
178 189 0.3966716163818045
178 190 0.26376731735568804
178 191 -0.18136098325975292
178 192 0.9580535855033343
179 107 0.30714504385303387
179 165 -0.8137993238726251
179 166 0.9526258033655102
179 167 0.3018928441659947
179 168 -0.4665103013452152
179 173 -0.4922178055983344
179 174 0.8696794223122852
179 181 0.40249305835060567
179 182 0.3881914531620847
179 183 0.9730559123552935
179 184 -0.1560327642230317
180 108 0.3254061379818285
180 165 -0.6344416181601769
180 166 0.19002862928523756
180 167 -0.13238158858892723
180 168 -0.38186421230690115
180 173 0.7659496051609453
180 174 0.600469455748909
180 179 -0.7935903076475068
180 181 -0.9836100549643845
180 182 0.18333783257426317
180 183 0.5284006676382709
180 184 -0.5105649083647907
181 182 0.3067457503031885
181 205 -0.7377430779616243
182 206 -0.5187473408489538
183 184 0.44975861683069107
183 207 0.40403444784464293
184 208 -0.6361388482682513
185 113 -0.5335574402270304
185 181 -0.8057858764775863
185 182 0.31956680517959124
185 189 0.2016790857859383
185 190 0.6506366945227224
185 191 -0.8423059480797574
185 192 0.9601398225526705
186 114 -0.39407314576769803
186 181 0.24589228173091193
186 182 -0.884950274654543
186 185 0.4163497248829544
186 189 -0.9041064792182221
186 190 0.4338277841168279
186 191 -0.8941568322655871
186 192 -0.4165783786620314
187 115 0.0057257864157378435
187 181 0.02954884570719063
187 182 0.6440997214476096
187 189 0.19182564475129715
187 190 0.6023469860671762
187 191 -0.09509190799338296
187 192 0.5113880469236733
188 116 -0.4048324304382911
188 181 -0.6017842539391622
188 182 0.18464318596209783
188 187 -0.6211313944987957
188 189 -0.6810503803783392
188 190 -0.23868237650244972
188 191 -0.9235922835048742
188 192 0.20866206850942004
189 190 -0.11976252444107316
189 213 0.9008199101542329
190 214 0.23841334887163268
191 192 -0.1375269162054582
191 215 0.9205960777895124
192 216 0.42035177979153593
193 117 0.6705914297819577
193 118 -0.6738654275851146
193 121 0.9571469520935418
193 191 0.6091380446278716
193 192 -0.21193216913736235
193 197 -0.10781632087306137
193 198 0.32576287455501807
193 199 0.5208872794746964
193 200 -0.704693523366581
193 205 -0.8275034270656432
193 206 -0.9733841702117811
193 207 -0.4002821798274676
193 208 0.21194457634972208
194 117 -0.9240229301321954
194 118 -0.7545338625429712
194 122 -0.18923831173445627
194 191 -0.023728859615557374
194 192 -0.1040301623197617
194 193 0.2119661265223638
194 197 0.9372331516368286
194 198 -0.1400153598731011
194 199 0.09082291615477978
194 200 0.20122889317908998
194 205 -0.1355830600134118
194 206 -0.7272802685535547
194 207 -0.8473380678155038
194 208 0.5988676304853289
195 117 0.9573467774277862
195 118 -0.055688720787280044
195 123 0.032911941840974235
195 181 -0.6574545311543818
195 182 0.7011649247855922
195 183 0.239097025084948
195 184 -0.40402339258370423
195 191 -0.17389798865942474
195 192 -0.7322857010932085
195 197 -0.23362185466901586
195 198 0.041448678805185546
195 199 0.17346334898579596
195 200 -0.3605172323228567
196 117 -0.2712069506813892
196 118 0.1394533428785525
196 124 -0.07650917267657076
196 181 0.4595127966216135
196 182 0.9261665440546685
196 183 0.9492275841343103
196 184 0.11250498806293696
196 191 0.9020479697158774
196 192 0.08848204772146717
196 195 0.138052858532433
196 197 0.0882469440349467
196 198 -0.1324016491050135
196 199 0.4330652040971925
196 200 -0.8441445657458251
197 198 -0.22562686987430336
199 200 0.257798153712675
201 129 0.20557439772299158
201 197 0.5599290297400057
201 198 0.037925212999611047
201 205 0.8529952190852197
201 206 -0.4503829019580736
201 207 0.7010954071455306
201 208 -0.05544836680377152
201 213 0.5989773181996998
201 214 -0.9022185937419915
201 215 -0.22628344257355604
201 216 0.2817063625720049
202 130 0.18272267543084064
202 197 0.8129258668802801
202 198 -0.4937436102266337
202 201 -0.35391093800206996
202 205 -0.15240377170144814
202 206 0.38551948795490154
202 207 -0.703734403720234
202 208 -0.36076365010131584
202 213 0.4042045853428611
202 214 0.9784924970672375
202 215 0.9990474488140364
202 216 -0.9605060876390621
203 131 -0.7809812055130039
203 189 -0.5198049044299697
203 190 -0.5774499431157738
203 191 0.21385938565855622
203 192 -0.5349671586407332
203 197 -0.9900885415018883
203 198 0.5341709454111494
203 205 0.7687877733164505
203 206 -0.7976478959741533
203 207 0.28139606813708196
203 208 -0.6174062341996989
204 132 0.5814950404856758
204 189 0.1748746199346476
204 190 0.0447336305647581
204 191 -0.275159344987673
204 192 -0.4294666987862159
204 197 0.8930745153549573
204 198 -0.094411795109417
204 203 -0.45210155689555953
204 205 -0.9784292661276055
204 206 -0.9531162024063002
204 207 -0.15357984007066205
204 208 0.5325309793886919
205 206 -0.9449804664924759
207 208 -0.3735967719228248
209 137 0.5869945578235793
209 205 -0.8661556577794212
209 206 0.5147455957757878
209 213 -0.44348769847102365
209 214 0.061367971364804985
209 215 -0.06104396562570491
209 216 0.5343991802050512
210 138 -0.06236261386435671
210 205 0.03587217333963455
210 206 -0.32936283307093506
210 209 0.9426170194781212
210 213 -0.8893411204185779
210 214 0.38086689070125357
210 215 -0.41595349824666483
210 216 0.42584425509827395
211 139 -0.5444224000263986
211 205 0.6862542473840958
211 206 0.16952035621423311
211 213 -0.6210202230191721
211 214 -0.5038712374226855
211 215 -0.844284371338784
211 216 0.3074393100955293
212 140 0.36049380767658556
212 205 0.048902600310903654
212 206 0.376734986704355
212 211 -0.14821527707349436
212 213 0.7318727354499486
212 214 0.5308996138365594
212 215 0.7118137491527317
212 216 -0.05673999345969083
213 214 0.23329253657524607
215 216 -0.05447988363574763
