# 
1 1 0
2 2 0
3 3 -1
4 4 0
5 5 -1
6 6 -1
7 7 -1
8 8 -1
9 9 -1
10 10 -1
11 11 -1
12 12 -1
13 13 0
14 14 -1
15 15 0
16 16 -1
17 17 -1
18 18 -1
19 19 0
20 20 -1
21 21 -1
22 22 -1
23 23 -1
24 24 -1
25 25 -1
26 26 -1
27 27 -1
28 28 -1
29 29 -1
30 30 0
31 31 -1
32 32 -1
33 33 -1
34 34 -1
35 35 -1
36 36 0
37 37 -1
38 38 -1
39 39 -1
40 40 0
41 41 -1
42 42 -1
43 43 -1
44 44 -1
45 45 -1
46 46 -1
47 47 -1
48 48 -1
49 49 -1
50 50 -1
51 51 -1
52 52 -1
53 53 -1
54 54 -1
55 55 -1
56 56 0
57 57 -1
58 58 0
59 59 -1
60 60 -1
61 61 0
62 62 -1
63 63 -1
64 64 -1
65 65 0
66 66 0
67 67 0
68 68 -1
69 69 -1
70 70 -1
71 71 0
72 72 0
73 73 -1
74 74 -1
75 75 -1
76 76 -1
77 77 -1
78 78 -1
79 79 -1
80 80 0
81 81 -1
82 82 -1
83 83 -1
84 84 -1
85 85 0
86 86 -1
87 87 -1
88 88 -1
89 89 -1
90 90 -1
91 91 -1
92 92 -1
93 93 -1
94 94 -1
95 95 0
96 96 -1
97 97 -1
98 98 0
99 99 -1
100 100 -1
101 101 -1
102 102 -1
103 103 -1
104 104 -1
105 105 -1
106 106 -1
107 107 0
108 108 -1
109 109 -1
110 110 -1
111 111 -1
112 112 -1
113 113 -1
114 114 -1
115 115 0
116 116 -1
117 117 -1
118 118 0
119 119 -1
120 120 -1
121 121 -1
122 122 -1
123 123 -1
124 124 -1
125 125 -1
126 126 -1
127 127 -1
128 128 -1
129 129 0
130 130 -1
131 131 -1
132 132 -1
133 133 0
134 134 -1
135 135 -1
136 136 -1
137 137 -1
138 138 -1
139 139 0
140 140 -1
141 141 0
142 142 0
143 143 -1
144 144 0
145 145 -1
146 146 -1
147 147 0
148 148 -1
149 149 -1
150 150 -1
151 151 -1
152 152 0
153 153 -1
154 154 -1
155 155 -1
156 156 -1
157 157 -1
158 158 -1
159 159 0
160 160 -1
161 161 -1
162 162 -1
163 163 0
164 164 0
165 165 -1
166 166 0
167 167 -1
168 168 -1
169 169 -1
170 170 -1
171 171 0
172 172 -1
173 173 0
174 174 0
175 175 -1
176 176 -1
177 177 -1
178 178 -1
179 179 -1
180 180 -1
181 181 -1
182 182 -1
183 183 -1
184 184 -1
185 185 -1
186 186 -1
187 187 -1
188 188 0
189 189 -1
190 190 -1
191 191 -1
192 192 -1
193 193 -1
194 194 -1
195 195 0
196 196 -1
197 197 -1
198 198 -1
199 199 0
200 200 -1
201 201 0
202 202 -1
203 203 -1
204 204 -1
205 205 -1
206 206 -1
207 207 -1
208 208 -1
209 209 -1
210 210 -1
211 211 -1
212 212 -1
213 213 -1
214 214 -1
215 215 -1
216 216 -1
1 5 1
1 6 1
1 7 0
1 8 1
1 13 0
1 14 1
1 15 1
1 16 1
2 1 -1
2 5 1
2 6 1
2 7 1
2 8 0
2 13 1
2 14 0
2 15 0
2 16 1
3 5 0
3 6 1
3 7 1
3 8 -1
4 3 -1
4 5 0
4 6 1
4 7 -1
4 8 -1
5 6 1
5 29 0
6 30 1
7 8 1
7 31 0
8 32 1
9 5 0
9 6 0
9 13 1
9 14 1
9 15 1
9 16 0
9 21 1
9 22 0
9 23 1
9 24 0
9 79 0
9 80 1
10 5 0
10 6 0
10 9 1
10 13 1
10 14 -1
10 15 1
10 16 1
10 21 1
10 22 1
10 23 1
10 24 1
10 79 1
10 80 0
11 5 -1
11 6 1
11 13 0
11 14 1
11 15 1
11 16 0
11 79 1
11 80 0
12 5 1
12 6 0
12 11 0
12 13 1
12 14 1
12 15 0
12 16 1
12 79 0
12 80 1
13 14 1
13 37 0
14 38 1
15 16 1
15 39 1
16 40 1
17 13 1
17 14 1
17 21 1
17 22 0
17 23 1
17 24 1
17 87 1
17 88 -1
17 101 1
17 102 0
17 103 0
17 104 1
18 13 1
18 14 1
18 17 1
18 21 1
18 22 0
18 23 1
18 24 0
18 87 -1
18 88 1
18 101 -1
18 102 0
18 103 1
18 104 1
19 13 0
19 14 0
19 21 0
19 22 0
19 23 1
19 24 0
19 77 1
19 78 0
19 79 1
19 80 0
19 87 0
19 88 1
20 13 1
20 14 1
20 19 0
20 21 0
20 22 1
20 23 -1
20 24 0
20 77 0
20 78 1
20 79 0
20 80 1
20 87 0
20 88 0
21 22 1
21 45 1
22 46 1
23 24 0
23 47 1
24 48 1
25 23 -1
25 24 1
25 29 0
25 30 1
25 31 0
25 32 0
25 37 0
25 38 -1
25 39 0
25 40 1
26 23 1
26 24 1
26 25 1
26 29 -1
26 30 1
26 31 1
26 32 1
26 37 0
26 38 1
26 39 1
26 40 1
27 13 0
27 14 0
27 15 1
27 16 0
27 23 0
27 24 1
27 29 0
27 30 1
27 31 1
27 32 1
28 13 1
28 14 0
28 15 1
28 16 1
28 23 0
28 24 1
28 27 0
28 29 1
28 30 0
28 31 0
28 32 0
29 30 0
29 53 0
30 54 1
31 32 -1
31 55 0
32 56 1
33 29 0
33 30 1
33 37 1
33 38 1
33 39 1
33 40 1
33 45 1
33 46 1
33 47 1
33 48 0
33 103 0
33 104 1
34 29 1
34 30 0
34 33 0
34 37 1
34 38 0
34 39 1
34 40 1
34 45 1
34 46 -1
34 47 1
34 48 1
34 103 1
34 104 1
35 21 1
35 22 0
35 23 1
35 24 -1
35 29 1
35 30 1
35 37 0
35 38 1
35 39 0
35 40 1
35 103 1
35 104 0
36 21 1
36 22 0
36 23 1
36 24 -1
36 29 1
36 30 1
36 35 1
36 37 1
36 38 1
36 39 -1
36 40 0
36 103 1
36 104 -1
37 38 0
37 61 0
38 62 1
39 40 0
39 63 1
40 64 1
41 37 1
41 38 1
41 45 1
41 46 0
41 47 1
41 48 1
41 111 1
41 112 1
41 125 0
41 126 1
41 127 0
41 128 1
42 37 1
42 38 1
42 41 0
42 45 0
42 46 1
42 47 1
42 48 1
42 111 1
42 112 1
42 125 1
42 126 -1
42 127 0
42 128 1
43 37 1
43 38 0
43 45 0
43 46 0
43 47 0
43 48 -1
43 101 1
43 102 0
43 103 0
43 104 0
43 111 0
43 112 0
44 37 1
44 38 1
44 43 1
44 45 0
44 46 0
44 47 0
44 48 0
44 101 0
44 102 1
44 103 1
44 104 1
44 111 0
44 112 0
45 46 0
45 69 1
46 70 0
47 48 1
47 71 1
48 72 0
49 47 1
49 48 0
49 53 -1
49 54 -1
49 55 -1
49 56 1
49 61 1
49 62 1
49 63 1
49 64 1
50 47 1
50 48 -1
50 49 0
50 53 -1
50 54 1
50 55 1
50 56 1
50 61 1
50 62 1
50 63 0
50 64 0
51 37 0
51 38 1
51 39 -1
51 40 1
51 47 0
51 48 1
51 53 -1
51 54 1
51 55 0
51 56 1
52 37 0
52 38 0
52 39 1
52 40 0
52 47 1
52 48 1
52 51 0
52 53 -1
52 54 1
52 55 -1
52 56 1
53 54 1
55 56 1
57 53 0
57 54 1
57 61 -1
57 62 0
57 63 1
57 64 0
57 69 1
57 70 1
57 71 0
57 72 1
57 127 0
57 128 1
58 53 1
58 54 1
58 57 1
58 61 1
58 62 0
58 63 -1
58 64 1
58 69 0
58 70 0
58 71 1
58 72 1
58 127 1
58 128 1
59 45 0
59 46 1
59 47 1
59 48 1
59 53 1
59 54 1
59 61 0
59 62 0
59 63 1
59 64 0
59 127 0
59 128 0
60 45 1
60 46 1
60 47 1
60 48 0
60 53 1
60 54 1
60 59 1
60 61 1
60 62 0
60 63 1
60 64 0
60 127 1
60 128 -1
61 62 1
63 64 0
65 61 1
65 62 -1
65 69 0
65 70 1
65 71 1
65 72 1
65 135 1
65 136 0
66 61 0
66 62 1
66 65 0
66 69 1
66 70 0
66 71 0
66 72 1
66 135 1
66 136 1
67 61 -1
67 62 1
67 69 -1
67 70 0
67 71 0
67 72 1
67 125 1
67 126 0
67 127 0
67 128 1
67 135 1
67 136 1
68 61 0
68 62 0
68 67 0
68 69 0
68 70 0
68 71 1
68 72 1
68 125 0
68 126 0
68 127 1
68 128 0
68 135 0
68 136 1
69 70 1
71 72 1
73 1 0
73 77 1
73 78 1
73 79 1
73 80 1
73 85 1
73 86 1
73 87 0
73 88 1
74 2 0
74 73 0
74 77 -1
74 78 1
74 79 1
74 80 -1
74 85 0
74 86 0
74 87 -1
74 88 1
75 3 0
75 77 0
75 78 0
75 79 1
75 80 1
76 4 0
76 75 1
76 77 0
76 78 1
76 79 1
76 80 1
77 78 1
77 101 1
78 102 0
79 80 1
79 103 1
80 104 1
81 9 1
81 77 1
81 78 1
81 85 0
81 86 0
81 87 0
81 88 0
81 93 -1
81 94 1
81 95 -1
81 96 -1
81 151 1
81 152 1
82 10 1
82 77 -1
82 78 -1
82 81 1
82 85 0
82 86 -1
82 87 0
82 88 0
82 93 1
82 94 1
82 95 -1
82 96 1
82 151 1
82 152 0
83 11 1
83 77 1
83 78 0
83 85 -1
83 86 0
83 87 -1
83 88 -1
83 151 1
83 152 0
84 12 1
84 77 1
84 78 1
84 83 1
84 85 1
84 86 1
84 87 0
84 88 -1
84 151 0
84 152 0
85 86 1
85 109 1
86 110 -1
87 88 1
87 111 1
88 112 1
89 17 0
89 85 1
89 86 1
89 93 1
89 94 1
89 95 1
89 96 0
89 159 1
89 160 1
89 173 1
89 174 0
89 175 1
89 176 0
90 18 1
90 85 0
90 86 1
90 89 0
90 93 1
90 94 0
90 95 1
90 96 0
90 159 1
90 160 0
90 173 1
90 174 1
90 175 1
90 176 1
91 19 -1
91 85 1
91 86 1
91 93 0
91 94 0
91 95 0
91 96 1
91 149 -1
91 150 1
91 151 0
91 152 1
91 159 1
91 160 1
92 20 0
92 85 1
92 86 1
92 91 1
92 93 -1
92 94 0
92 95 1
92 96 1
92 149 0
92 150 1
92 151 1
92 152 0
92 159 0
92 160 1
93 94 1
93 117 1
94 118 0
95 96 1
95 119 1
96 120 1
97 21 1
97 22 1
97 25 1
97 95 1
97 96 1
97 101 1
97 102 1
97 103 1
97 104 1
97 109 1
97 110 1
97 111 1
97 112 0
98 21 1
98 22 1
98 26 0
98 95 1
98 96 1
98 97 0
98 101 1
98 102 1
98 103 1
98 104 0
98 109 -1
98 110 0
98 111 1
98 112 1
99 21 0
99 22 -1
99 27 1
99 85 1
99 86 0
99 87 0
99 88 1
99 95 0
99 96 0
99 101 0
99 102 1
99 103 -1
99 104 1
100 21 1
100 22 1
100 28 0
100 85 1
100 86 1
100 87 1
100 88 1
100 95 -1
100 96 1
100 99 1
100 101 1
100 102 1
100 103 0
100 104 1
101 102 1
101 125 0
102 126 0
103 104 1
103 127 0
104 128 1
105 33 0
105 101 -1
105 102 1
105 109 -1
105 110 1
105 111 1
105 112 -1
105 117 0
105 118 0
105 119 -1
105 120 0
105 175 0
105 176 1
106 34 1
106 101 0
106 102 0
106 105 1
106 109 0
106 110 1
106 111 1
106 112 1
106 117 1
106 118 1
106 119 -1
106 120 0
106 175 1
106 176 0
107 35 1
107 93 1
107 94 0
107 95 1
107 96 1
107 101 1
107 102 0
107 109 1
107 110 1
107 111 0
107 112 0
107 175 0
107 176 1
108 36 -1
108 93 1
108 94 -1
108 95 1
108 96 1
108 101 1
108 102 1
108 107 0
108 109 -1
108 110 1
108 111 1
108 112 1
108 175 1
108 176 1
109 110 1
109 133 1
110 134 0
111 112 1
111 135 1
112 136 1
113 41 1
113 109 1
113 110 -1
113 117 1
113 118 1
113 119 0
113 120 1
113 183 0
113 184 1
113 197 1
113 198 1
113 199 0
113 200 1
114 42 1
114 109 0
114 110 0
114 113 0
114 117 1
114 118 0
114 119 0
114 120 1
114 183 1
114 184 -1
114 197 1
114 198 -1
114 199 0
114 200 1
115 43 0
115 109 0
115 110 1
115 117 1
115 118 1
115 119 0
115 120 0
115 173 0
115 174 0
115 175 0
115 176 -1
115 183 1
115 184 0
116 44 0
116 109 1
116 110 1
116 115 -1
116 117 0
116 118 0
116 119 0
116 120 0
116 173 1
116 174 0
116 175 1
116 176 0
116 183 1
116 184 0
117 118 0
117 141 0
118 142 1
119 120 0
119 143 1
120 144 0
121 45 0
121 46 1
121 49 0
121 119 0
121 120 1
121 125 -1
121 126 1
121 127 0
121 128 0
121 133 0
121 134 0
121 135 0
121 136 0
122 45 1
122 46 1
122 50 1
122 119 1
122 120 1
122 121 -1
122 125 1
122 126 0
122 127 1
122 128 0
122 133 0
122 134 0
122 135 1
122 136 1
123 45 -1
123 46 0
123 51 1
123 109 1
123 110 0
123 111 0
123 112 0
123 119 0
123 120 1
123 125 1
123 126 0
123 127 0
123 128 1
124 45 1
124 46 1
124 52 1
124 109 1
124 110 0
124 111 1
124 112 1
124 119 0
124 120 0
124 123 0
124 125 0
124 126 1
124 127 0
124 128 1
125 126 1
127 128 0
129 57 1
129 125 1
129 126 1
129 133 0
129 134 0
129 135 1
129 136 1
129 141 -1
129 142 1
129 143 1
129 144 0
129 199 1
129 200 0
130 58 1
130 125 -1
130 126 0
130 129 1
130 133 1
130 134 1
130 135 1
130 136 1
130 141 0
130 142 1
130 143 1
130 144 1
130 199 1
130 200 -1
131 59 0
131 117 -1
131 118 0
131 119 1
131 120 -1
131 125 1
131 126 0
131 133 0
131 134 1
131 135 1
131 136 1
131 199 1
131 200 1
132 60 0
132 117 0
132 118 1
132 119 -1
132 120 1
132 125 1
132 126 1
132 131 0
132 133 -1
132 134 0
132 135 1
132 136 1
132 199 1
132 200 1
133 134 1
135 136 -1
137 65 0
137 133 -1
137 134 0
137 141 0
137 142 1
137 143 0
137 144 0
137 207 0
137 208 1
138 66 1
138 133 1
138 134 0
138 137 0
138 141 1
138 142 1
138 143 1
138 144 1
138 207 1
138 208 0
139 67 1
139 133 1
139 134 1
139 141 1
139 142 0
139 143 -1
139 144 1
139 197 1
139 198 -1
139 199 0
139 200 -1
139 207 1
139 208 1
140 68 1
140 133 1
140 134 0
140 139 1
140 141 1
140 142 0
140 143 1
140 144 0
140 197 0
140 198 0
140 199 0
140 200 1
140 207 1
140 208 1
141 142 1
143 144 1
145 73 1
145 149 0
145 150 -1
145 151 1
145 152 1
145 157 1
145 158 1
145 159 1
145 160 1
146 74 0
146 145 1
146 149 1
146 150 0
146 151 1
146 152 1
146 157 0
146 158 0
146 159 1
146 160 0
147 75 1
147 149 1
147 150 -1
147 151 1
147 152 0
148 76 0
148 147 1
148 149 0
148 150 0
148 151 0
148 152 -1
149 150 1
149 173 0
150 174 -1
151 152 1
151 175 1
152 176 1
153 81 0
153 149 1
153 150 1
153 157 1
153 158 1
153 159 1
153 160 -1
153 165 0
153 166 1
153 167 1
153 168 0
154 82 0
154 149 1
154 150 0
154 153 1
154 157 1
154 158 -1
154 159 1
154 160 1
154 165 -1
154 166 0
154 167 1
154 168 1
155 83 1
155 149 0
155 150 1
155 157 0
155 158 1
155 159 1
155 160 0
156 84 1
156 149 0
156 150 0
156 155 1
156 157 -1
156 158 0
156 159 0
156 160 1
157 158 1
157 181 1
158 182 1
159 160 1
159 183 0
160 184 1
161 89 1
161 157 1
161 158 1
161 165 1
161 166 0
161 167 0
161 168 1
162 90 1
162 157 1
162 158 1
162 161 1
162 165 1
162 166 0
162 167 0
162 168 1
163 91 0
163 157 0
163 158 1
163 165 1
163 166 -1
163 167 1
163 168 0
164 92 1
164 157 1
164 158 -1
164 163 -1
164 165 0
164 166 1
164 167 0
164 168 0
165 166 0
165 189 1
166 190 0
167 168 1
167 191 1
168 192 1
169 93 1
169 94 1
169 97 0
169 167 1
169 168 0
169 173 1
169 174 1
169 175 0
169 176 1
169 181 1
169 182 0
169 183 1
169 184 1
170 93 0
170 94 0
170 98 -1
170 167 -1
170 168 1
170 169 0
170 173 0
170 174 0
170 175 1
170 176 0
170 181 0
170 182 1
170 183 1
170 184 0
171 93 0
171 94 1
171 99 1
171 157 0
171 158 0
171 159 0
171 160 -1
171 167 1
171 168 1
171 173 1
171 174 1
171 175 1
171 176 0
172 93 0
172 94 0
172 100 0
172 157 1
172 158 1
172 159 0
172 160 1
172 167 1
172 168 0
172 171 -1
172 173 1
172 174 1
172 175 0
172 176 1
173 174 1
173 197 0
174 198 1
175 176 1
175 199 1
176 200 0
177 105 0
177 173 1
177 174 1
177 181 1
177 182 0
177 183 1
177 184 1
177 189 0
177 190 1
177 191 0
177 192 1
178 106 0
178 173 1
178 174 1
178 177 0
178 181 1
178 182 1
178 183 0
178 184 -1
178 189 0
178 190 1
178 191 0
178 192 -1
179 107 1
179 165 1
179 166 1
179 167 1
179 168 1
179 173 0
179 174 1
179 181 1
179 182 0
179 183 1
179 184 1
180 108 0
180 165 1
180 166 0
180 167 1
180 168 0
180 173 1
180 174 0
180 179 1
180 181 1
180 182 1
180 183 0
180 184 1
181 182 1
181 205 1
182 206 1
183 184 0
183 207 -1
184 208 1
185 113 1
185 181 0
185 182 -1
185 189 0
185 190 1
185 191 -1
185 192 0
186 114 0
186 181 1
186 182 1
186 185 1
186 189 1
186 190 0
186 191 1
186 192 1
187 115 1
187 181 -1
187 182 1
187 189 0
187 190 1
187 191 0
187 192 1
188 116 1
188 181 -1
188 182 0
188 187 1
188 189 1
188 190 1
188 191 1
188 192 1
189 190 1
189 213 0
190 214 1
191 192 1
191 215 1
192 216 1
193 117 1
193 118 1
193 121 1
193 191 0
193 192 1
193 197 -1
193 198 1
193 199 1
193 200 1
193 205 0
193 206 0
193 207 1
193 208 0
194 117 1
194 118 0
194 122 0
194 191 0
194 192 1
194 193 0
194 197 1
194 198 0
194 199 1
194 200 0
194 205 0
194 206 0
194 207 1
194 208 1
195 117 0
195 118 1
195 123 1
195 181 0
195 182 1
195 183 1
195 184 0
195 191 0
195 192 1
195 197 0
195 198 -1
195 199 0
195 200 1
196 117 0
196 118 -1
196 124 1
196 181 1
196 182 1
196 183 1
196 184 1
196 191 0
196 192 -1
196 195 0
196 197 1
196 198 0
196 199 1
196 200 1
197 198 0
199 200 0
201 129 0
201 197 1
201 198 0
201 205 0
201 206 1
201 207 -1
201 208 0
201 213 1
201 214 1
201 215 0
201 216 1
202 130 1
202 197 0
202 198 1
202 201 1
202 205 0
202 206 1
202 207 0
202 208 0
202 213 0
202 214 1
202 215 1
202 216 0
203 131 1
203 189 1
203 190 0
203 191 1
203 192 1
203 197 0
203 198 0
203 205 0
203 206 0
203 207 -1
203 208 1
204 132 1
204 189 1
204 190 0
204 191 0
204 192 1
204 197 0
204 198 -1
204 203 0
204 205 0
204 206 -1
204 207 -1
204 208 1
205 206 -1
207 208 -1
209 137 -1
209 205 1
209 206 0
209 213 -1
209 214 1
209 215 1
209 216 -1
210 138 1
210 205 1
210 206 1
210 209 1
210 213 0
210 214 -1
210 215 1
210 216 -1
211 139 1
211 205 0
211 206 1
211 213 1
211 214 1
211 215 0
211 216 1
212 140 1
212 205 1
212 206 1
212 211 -1
212 213 -1
212 214 -1
212 215 1
212 216 0
213 214 1
215 216 1
