1 2 -0.935080082835686
1 3 -0.12139532865520963
1 4 -0.10393649513257008
2 3 0.121766700453523
2 4 -0.500741715492323
3 4 0.60874701170832
5 6 -0.17186292684913562
5 7 -0.28846298053294195
5 8 -0.7605722456034696
6 7 -0.5796268797129289
6 8 -0.25933366464130736
7 8 -0.0947091077076978
5 1 -0.468595837255102
5 2 0.40547891661026214
5 3 0.899528685885687
5 4 0.658195423258173
6 1 -0.3829752472646355
6 2 0.9410990115086948
6 3 0.8773241808958294
6 4 -0.0005812785365462148
7 1 0.2086014303581838
7 2 -0.5125081281242947
7 3 -0.036291520744641925
7 4 -0.9883230442401048
8 1 0.14044515516288625
8 2 0.68785257050789
8 3 -0.31002284530152613
8 4 -0.1298818558009982
9 10 0.07994230085647858
9 11 0.9429473421362784
9 12 -0.8050867073569608
10 11 -0.28510582012575725
10 12 -0.13522711458828707
11 12 0.4680148711851633
9 5 -0.9599712548932238
9 6 0.5426284267617578
9 7 0.10705688942830283
9 8 -0.612804367395239
10 5 -0.5448001660643784
10 6 -0.7920366205698854
10 7 0.5486548703663776
10 8 0.06582203030908329
11 5 -0.9997290384871007
11 6 0.3512901570190585
11 7 0.8446952204132394
11 8 -0.28937489899505664
12 5 0.6063794653222694
12 6 0.3146438907958349
12 7 -0.4529666504754182
12 8 -0.31072111431888483
13 14 -0.03332107604712298
13 15 -0.832004999284347
13 16 -0.6166688698379348
14 15 0.6765570477322413
14 16 -0.08255429476059195
15 16 0.2804798529428636
13 9 -0.9912816015092638
13 10 0.16252505919070126
13 11 -0.4859835197248277
13 12 0.08611189670770436
14 9 0.1147880841179405
14 10 0.30004836873125895
14 11 0.19990805081726637
14 12 0.3776674645186502
15 9 -0.13116419939632418
15 10 -0.15958845422097623
15 11 0.9861991383315853
15 12 0.7634419247698965
16 9 -0.464892720718614
16 10 0.4550052682476451
16 11 0.33099793919820364
16 12 -0.4840071250365259
17 18 0.0232664608588955
17 19 -0.6042446460736342
17 20 -0.06324982899218123
18 19 -0.5427925880763145
18 20 0.33943831054908347
19 20 -0.638034907374148
17 13 0.9706389021114217
17 14 0.4751715976014377
17 15 -0.3508129753726359
17 16 0.2545995132182899
18 13 -0.6445873812036043
18 14 -0.5398886285599547
18 15 0.6812741959717821
18 16 0.5809996089941338
19 13 0.1267346537723395
19 14 0.13812894688444266
19 15 0.14614199226595548
19 16 -0.77136861246704
20 13 -0.6457571163869376
20 14 -0.868318167812522
20 15 0.4824566229779228
20 16 0.9208975305394969
21 22 -0.2899366933326928
21 23 0.6134885927117513
21 24 -0.8200613984555905
22 23 -0.5020155964960527
22 24 -0.011456742016617394
23 24 -0.7632376356818193
21 1 -0.98543275300061
21 2 -0.3277082817450845
21 3 0.15156058206890433
21 4 0.3036143282859598
22 1 -0.5776333465870731
22 2 -0.8046217479282678
22 3 0.6446378828647714
22 4 0.1424144149907045
23 1 -0.8712906265297344
23 2 -0.09869350200531901
23 3 0.07471921602251053
23 4 0.26756221534245994
24 1 0.880120640991432
24 2 0.5428231578765339
24 3 -0.7450542392457398
24 4 -0.7033204898126686
25 26 -0.5965987199734
25 27 -0.343411624648742
25 28 -0.7136277223684135
26 27 0.3008410427491801
26 28 0.7310342395209959
27 28 0.0823043176829048
25 5 -0.8531898508322175
25 6 -0.715635225272717
25 7 -0.09195218148134177
25 8 0.20817043688768666
26 5 -0.5111017924911718
26 6 -0.4270076182009508
26 7 0.758081537969149
26 8 -0.2605282096556276
27 5 0.9753213728309413
27 6 0.3704186576756867
27 7 -0.1481537322632589
27 8 0.49621778998770116
28 5 0.3538581527963385
28 6 -0.8640538107332845
28 7 0.489657766832883
28 8 0.697192556564783
25 21 -0.6005004531519951
25 22 0.05114001668408252
25 23 -0.27726267238339264
25 24 -0.6693065597379217
26 21 0.2276471852483799
26 22 0.8854502784817511
26 23 -0.45469092694690816
26 24 0.5061958789614236
27 21 0.6813727342806413
27 22 -0.3582950213896501
27 23 -0.8579525372046994
27 24 0.34000254407558317
28 21 0.7094601626194208
28 22 0.7389004918066127
28 23 0.004946416697435341
28 24 0.3818050589231743
25 1 -0.9488204113370053
25 2 -0.24331554166882996
25 3 0.3203004780451444
25 4 0.9908506242421018
26 1 -0.5791824923803335
26 2 0.22191619233710314
26 3 -0.20362021019585375
26 4 0.4270957967022815
27 1 -0.37458673748634075
27 2 0.3071357008757054
27 3 0.30124866184249144
27 4 0.894013298023073
28 1 0.7938145142519364
28 2 0.9545929074564043
28 3 -0.7433607736503389
28 4 -0.4085783636672793
29 30 -0.46997444628280105
29 31 -0.48490257356824484
29 32 0.26634363402693007
30 31 -0.46542641844938615
30 32 0.12633996069423925
31 32 -0.8699458332300782
29 9 0.4442263054603037
29 10 0.4370924399722238
29 11 -0.9464386133030098
29 12 -0.7812398361641406
30 9 0.36555925031238523
30 10 -0.5570576212432661
30 11 -0.5561239424814974
30 12 0.07289940755792679
31 9 0.5701527325041384
31 10 -0.6654545636888378
31 11 -0.9087464867204176
31 12 0.4698160093506638
32 9 0.3917046794358905
32 10 -0.04488754578308729
32 11 -0.9481778092971045
32 12 -0.296091525224641
29 25 0.3538533404737556
29 26 0.8783940493531497
29 27 0.26102235305715316
29 28 0.6702435139426246
30 25 0.888661417490276
30 26 -0.5578116272510396
30 27 0.9223594222302718
30 28 -0.7553395049366733
31 25 0.2875535946178973
31 26 -0.7618456590504163
31 27 -0.318707839736563
31 28 -0.10571326448995877
32 25 0.2670286079179962
32 26 -0.5543411356409804
32 27 0.021813521001003755
32 28 -0.1951537406768451
29 5 -0.8574140667840258
29 6 -0.9189273213409044
29 7 -0.4912030940560541
29 8 0.19640261421016625
30 5 0.01548314790697014
30 6 -0.4929102605908324
30 7 -0.8419871492135296
30 8 -0.39559357419626173
31 5 0.8592627438845188
31 6 -0.2056927545322238
31 7 -0.8520656411818828
31 8 -0.9488275909461479
32 5 -0.5806651982813558
32 6 0.13801673578125984
32 7 -0.5061713812414652
32 8 0.9310871139490213
33 34 0.03871711168110781
33 35 -0.8993282972168546
33 36 0.6013081810479397
34 35 0.9316806436581444
34 36 0.6282821209333456
35 36 -0.8394056164176471
33 13 -0.9414656658912381
33 14 0.649312645447482
33 15 0.8681049328062151
33 16 0.1342832160442009
34 13 -0.08973726256750503
34 14 -0.5804608779097027
34 15 0.9398411796931745
34 16 0.21755170191248752
35 13 0.27178552038673565
35 14 0.2856257748377433
35 15 0.7827156030507274
35 16 0.3784799940507777
36 13 0.9646846558465625
36 14 -0.5037647456006096
36 15 0.48615476628141674
36 16 -0.48952350610445583
33 29 0.5804374115145272
33 30 -0.48268515335594286
33 31 -0.8860356582158562
33 32 0.6716304157031159
34 29 -0.3560984503837301
34 30 0.9064728842170655
34 31 0.027274157256289566
34 32 0.8304240797297917
35 29 0.36289708303086243
35 30 -0.973156992278531
35 31 -0.8157119771354411
35 32 0.3503465953061582
36 29 0.3330159194326088
36 30 -0.6427651469600855
36 31 -0.4440558559602972
36 32 -0.6167249416548395
33 9 -0.43129570669287554
33 10 -0.4002479337241005
33 11 -0.24136964099860259
33 12 0.17757605370313279
34 9 0.5816643215131458
34 10 -0.6649597942110617
34 11 0.28299123768541024
34 12 -0.8919781643087166
35 9 0.1621472046208321
35 10 0.20139443881962205
35 11 0.30753629816326855
35 12 -0.5687568932152378
36 9 -0.6216091379776381
36 10 -0.8687407209108626
36 11 0.854286159563274
36 12 0.50745717010856
37 38 -0.33600263323184154
37 39 0.13950791413036145
37 40 -0.21311685577289086
38 39 -0.4907521141137534
38 40 0.15783640568876667
39 40 0.3762393023178521
37 17 0.6069750083817851
37 18 0.4915507165060735
37 19 0.8451113325661734
37 20 -0.7849694118566528
38 17 -0.21837518015036728
38 18 0.4912559931607152
38 19 0.9261842255657033
38 20 -0.7853799280064926
39 17 -0.3934430586065425
39 18 0.7740867401482343
39 19 0.22394689571385795
39 20 0.209401594290185
40 17 0.16870602549102354
40 18 -0.5041867528263615
40 19 0.5276231144374561
40 20 0.05000407014641639
37 33 0.29776645980442895
37 34 -0.7724541153974933
37 35 -0.9171133599025973
37 36 0.35281697670395706
38 33 -0.4998592262105248
38 34 0.8805586175812081
38 35 -0.5683175280339294
38 36 0.6657054638523414
39 33 -0.05244767905740888
39 34 -0.478331166577467
39 35 -0.13061245311143677
39 36 0.8608276549844183
40 33 -0.4385365700613635
40 34 -0.14257722108461324
40 35 0.45765156723946077
40 36 0.2904415588443414
37 13 0.48834514595300305
37 14 -0.17430002150438084
37 15 -0.742311039864306
37 16 0.5432847111360641
38 13 -0.45633180845304744
38 14 0.6697397208883358
38 15 -0.861089616122598
38 16 -0.383218864095606
39 13 0.863484251902416
39 14 -0.5143346479433222
39 15 -0.36330843934994017
39 16 -0.46102588651952914
40 13 -0.30440704379609906
40 14 0.10990025987199159
40 15 0.4489040462309679
40 16 0.9926768141389253
41 42 0.05741442292438359
41 43 -0.3402056360393111
41 44 -0.2931950119422444
42 43 -0.49284009695081243
42 44 0.5489158578555944
43 44 0.40480359582503334
41 21 -0.49089087681738963
41 22 -0.21543968120484092
41 23 0.4096611637175964
41 24 -0.0305498250598486
42 21 0.332354146158909
42 22 -0.07716096121289162
42 23 0.032760485840793496
42 24 0.21579409979379705
43 21 0.7776995194989478
43 22 0.9597985653394836
43 23 -0.978860171902556
43 24 -0.46163242536961535
44 21 0.4848640201240526
44 22 -0.5481244361412125
44 23 0.026985670849543508
44 24 0.6232246108921746
45 46 -0.8828338579309003
45 47 0.8670816253876081
45 48 -0.16183046357987707
46 47 -0.9192509374157294
46 48 0.8487590750408831
47 48 0.30111029536965517
45 25 0.9735059542957676
45 26 -0.2711015372857397
45 27 0.839828250863113
45 28 -0.7628768726588109
46 25 -0.8890360702641908
46 26 -0.12891050274454274
46 27 0.5185629409098818
46 28 -0.6640458636509252
47 25 0.3978315097002929
47 26 0.1262124458016487
47 27 0.18302933030642476
47 28 -0.6773283885112051
48 25 -0.0006539963489302636
48 26 0.9378410470115994
48 27 0.09348908247972587
48 28 0.9954872893027229
45 41 0.36237064792943086
45 42 0.9151480598608934
45 43 0.8517489336301549
45 44 -0.7519716155185991
46 41 -0.6902586659781123
46 42 -0.6815036133442307
46 43 0.38105243092443786
46 44 -0.08009388471958623
47 41 -0.9077774213443437
47 42 0.24852480987560654
47 43 -0.08195572440364929
47 44 -0.14813271239462833
48 41 -0.7377229350312204
48 42 0.35000999207183314
48 43 -0.34695079996344114
48 44 0.42397603849053644
45 21 0.5685163741294637
45 22 0.9914649447215844
45 23 0.9153423683000677
45 24 -0.5406782078838215
46 21 0.3111324184916977
46 22 -0.400823372688244
46 23 0.3636323728348294
46 24 -0.034516793805669854
47 21 -0.6572233082190393
47 22 0.7457321690740693
47 23 0.5661992158083342
47 24 -0.7245737201364348
48 21 0.6976299325013422
48 22 0.05123405697031158
48 23 -0.5369010459928878
48 24 0.7461994763646231
49 50 -0.5147512127010996
49 51 0.23424929918397153
49 52 -0.4738227903363563
50 51 -0.7045268888299066
50 52 -0.4501588586544152
51 52 -0.6752074666268881
49 29 0.59374936317553
49 30 0.26975935602886225
49 31 0.3598990264147848
49 32 0.07299110278887189
50 29 0.11825611101851341
50 30 -0.507734125854685
50 31 0.4203517064795943
50 32 -0.8882567122885237
51 29 0.8170598632312447
51 30 -0.9972244637671548
51 31 -0.34005757587410956
51 32 0.5116973095907174
52 29 0.6159872789434149
52 30 -0.021588404949054674
52 31 -0.21463496095951218
52 32 0.503619774873701
49 45 0.3268411596408065
49 46 0.8215757220872026
49 47 -0.7260512236105183
49 48 0.9434566817861445
50 45 0.5217282495822173
50 46 -0.4660191677593657
50 47 0.5700681425569025
50 48 0.2280359395366447
51 45 -0.9144381899015399
51 46 -0.008881955204814496
51 47 0.65957640859027
51 48 -0.08947544010495756
52 45 0.32358338684307686
52 46 0.983519863753537
52 47 0.7828960489304675
52 48 0.7132017236950157
49 25 -0.4707578621216646
49 26 -0.45750542561036145
49 27 -0.6619139952961302
49 28 0.6361521301744446
50 25 -0.2453251008918742
50 26 -0.5643169959030863
50 27 -0.6182178077383711
50 28 -0.3848394040032015
51 25 0.36631105684355236
51 26 -0.8524025084141926
51 27 -0.08739519376670146
51 28 0.6297976867191815
52 25 0.8150994861125289
52 26 0.24289635251921693
52 27 -0.10775459476714055
52 28 0.6418237052141358
53 54 -0.4368719076218526
53 55 0.49232170369496786
53 56 0.7810678816288876
54 55 0.15143776655330177
54 56 0.564629506464631
55 56 0.6809779980654171
53 33 -0.233001598958418
53 34 -0.8223333622048259
53 35 0.5583973070858748
53 36 0.11652406247096714
54 33 -0.6744300739864255
54 34 0.6501095962753156
54 35 0.012165587336500083
54 36 0.47672696091165645
55 33 -0.14021263955150265
55 34 0.20278056793326948
55 35 0.007267396848581464
55 36 -0.3799871985786363
56 33 0.5417581708522208
56 34 0.20296222962066923
56 35 -0.2092250163736542
56 36 0.33720197024572296
53 49 -0.512993971072415
53 50 -0.12380877400060286
53 51 -0.7870236202340031
53 52 0.8043855374022713
54 49 -0.15662746370946024
54 50 -0.19560210174482284
54 51 -0.3156886343666758
54 52 -0.05133974228341498
55 49 0.7630455991902338
55 50 0.5662510166107193
55 51 0.6780453216437792
55 52 0.4690609812816262
56 49 -0.36242964601653216
56 50 -0.10425017604658127
56 51 0.11783762310649504
56 52 0.5139000496996042
53 29 -0.3684582611628697
53 30 0.20727962505472264
53 31 0.1654594194461052
53 32 -0.08523069066863131
54 29 0.7443364106429953
54 30 -0.38076039389567584
54 31 0.1776158790539002
54 32 -0.20877773375425357
55 29 -0.07423756969408712
55 30 -0.19435828563678004
55 31 -0.19201238160371292
55 32 0.21917172474045343
56 29 0.4562922631960491
56 30 0.8470392919448886
56 31 0.2604208125230598
56 32 0.5208103607258472
57 58 0.06294660760267745
57 59 0.5213658340622305
57 60 -0.4624427181193884
58 59 -0.2941760112656484
58 60 0.0353270955706988
59 60 0.7287007644174233
57 37 -0.7457478599396421
57 38 0.7830155904662799
57 39 -0.42790765468492187
57 40 -0.29584105710476916
58 37 -0.3589247527088564
58 38 0.6938020278824937
58 39 0.9486382704714633
58 40 -0.05387485685068949
59 37 -0.20839614023847086
59 38 0.9595508093230742
59 39 0.2587526703078151
59 40 0.6593401256385691
60 37 -0.9582020238081077
60 38 -0.6257644565549334
60 39 0.08660261780404999
60 40 -0.5938235138425378
57 53 0.6123619973698253
57 54 0.3481511279247702
57 55 -0.9607679744520536
57 56 0.3799779115351851
58 53 -0.13798141293807142
58 54 0.09236507598479271
58 55 -0.4331174458793805
58 56 0.9866630592606236
59 53 0.3485831798663097
59 54 -0.6267134144424984
59 55 -0.9237580667648473
59 56 0.11285514416959153
60 53 -0.01954743521527469
60 54 -0.2154181880185042
60 55 -0.21075940567405227
60 56 -0.9661795038805703
57 33 -0.0631992372024428
57 34 0.8739230878402744
57 35 -0.5247991277821915
57 36 -0.25541692740983724
58 33 -0.49811089903477934
58 34 -0.4430136111017
58 35 -0.8847364118568855
58 36 0.7338445135320983
59 33 -0.21814173978969897
59 34 -0.7876125250256958
59 35 0.7226151726269676
59 36 -0.8980579968453373
60 33 0.7319510777073799
60 34 -0.5124655713092958
60 35 0.9150397624819633
60 36 -0.6625498319094423
61 62 0.26521422927866145
61 63 0.647547898113674
61 64 0.30928694458923456
62 63 0.22975124382713874
62 64 0.23916010074040828
63 64 -0.29666653351141914
61 41 0.8245316720835494
61 42 -0.7953886476342242
61 43 -0.9619538428876524
61 44 0.1468067970966429
62 41 0.0530793737284474
62 42 0.19151707457818246
62 43 0.022530764023279692
62 44 -0.7478601378832244
63 41 0.76334277745009
63 42 0.731458545526058
63 43 -0.14861400578462503
63 44 0.4856660889840745
64 41 0.10975036386939441
64 42 0.8637737656789657
64 43 0.8499178403914145
64 44 -0.16725904591867313
65 66 0.5173137448266591
65 67 -0.9629201360650086
65 68 0.17430034601447275
66 67 -0.2188991255865158
66 68 0.283736960598302
67 68 -0.006148534812080442
65 45 0.5014647948304756
65 46 -0.9504893927884142
65 47 0.8406260801151284
65 48 0.7351676236314071
66 45 0.1780484221773191
66 46 0.940182438381221
66 47 0.7413659734168547
66 48 0.08469184078237912
67 45 0.09861646566206428
67 46 0.0034596234446362395
67 47 0.19520224624281135
67 48 -0.21141006838528575
68 45 -0.041898421448474554
68 46 0.5825563096515318
68 47 0.5459523825856161
68 48 -0.015303813700461077
65 61 -0.16709351905668046
65 62 0.24087895208375953
65 63 0.9757614743643086
65 64 0.2103827539833898
66 61 0.11902216948070499
66 62 -0.6619791878532297
66 63 -0.35896601286216634
66 64 -0.44525068596944406
67 61 0.7507047590728997
67 62 -0.8623103875285238
67 63 -0.2111569404787128
67 64 -0.5556889153148667
68 61 0.30578740519581027
68 62 0.9190475080266542
68 63 -0.4566549409294012
68 64 -0.1257292608103866
65 41 0.49501440452682255
65 42 0.2171868270167776
65 43 0.023243467214641766
65 44 -0.6146612257494843
66 41 -0.2981652758627331
66 42 0.08469594677095138
66 43 -0.6413219695490555
66 44 -0.20880437283351072
67 41 -0.8064898899931681
67 42 -0.1360837941958124
67 43 0.9652404908076038
67 44 -0.818449765563598
68 41 0.11451318656992204
68 42 0.6565147110233998
68 43 -0.35371493009958965
68 44 0.15626440637358807
69 70 0.9167349684629291
69 71 0.7589878867302238
69 72 0.5843220034579042
70 71 -0.9043802862340504
70 72 -0.37802169040422107
71 72 -0.7626938872551055
69 49 0.8325300217384941
69 50 -0.6554263326431513
69 51 -0.1739898157198969
69 52 0.09773451115538045
70 49 0.2077021023412413
70 50 -0.24895819181947898
70 51 -0.3124619274103553
70 52 -0.29750505106434333
71 49 -0.584519998777931
71 50 -0.8370690184265743
71 51 -0.4730043699861335
71 52 -0.42036848637929625
72 49 0.6808544460606591
72 50 0.43275881243724634
72 51 -0.8804960608968793
72 52 0.7248715838370836
69 65 -0.842300791836273
69 66 0.08542758907826431
69 67 -0.031501578393407614
69 68 -0.06678655400282718
70 65 0.3776752951819089
70 66 0.09147849127336505
70 67 -0.6326955285177971
70 68 0.30769215974139286
71 65 -0.826796325137318
71 66 -0.33684342768236997
71 67 -0.9416853347401568
71 68 0.098654309771393
72 65 0.47533518306918277
72 66 0.8614990309727488
72 67 -0.4862428084332622
72 68 -0.5555654532143388
69 45 -0.5263909576750101
69 46 0.09940649815294855
69 47 0.7724450361199098
69 48 0.7349460797900025
70 45 0.8157650190357066
70 46 -0.7063092178504291
70 47 -0.29025744760579975
70 48 -0.44629076151612423
71 45 -0.8776928798366053
71 46 -0.2685781235079374
71 47 -0.3494360384254025
71 48 -0.4653748155244144
72 45 0.33757679753099357
72 46 0.4714925831810852
72 47 0.8841233818361054
72 48 -0.7021116198340038
73 74 -0.610915110060797
73 75 0.3554919033262338
73 76 -0.018669092482471505
74 75 -0.3892220743150774
74 76 0.38559245643867035
75 76 -0.7092891326442694
73 53 0.8124784356413219
73 54 0.9915677521921864
73 55 -0.3338745417589062
73 56 0.5523399877295676
74 53 0.024375047081781398
74 54 -0.35605311688131547
74 55 0.4154137949044592
74 56 -0.4047812489476681
75 53 0.025930513629602858
75 54 -0.3100749596606922
75 55 -0.45872567445327483
75 56 0.5288459411501629
76 53 0.9389231068071027
76 54 0.01569285886534777
76 55 -0.29542861393981634
76 56 0.5725418205896673
73 69 0.5506480269741387
73 70 -0.9836075869797405
73 71 0.890834873275667
73 72 -0.38972064585662824
74 69 -0.2700895774329517
74 70 -0.7232584165131464
74 71 0.007703455789791258
74 72 -0.13481186278927204
75 69 0.5581890297747354
75 70 -0.26127926891849884
75 71 -0.47919592453195303
75 72 -0.4513664147528107
76 69 0.3635626760298365
76 70 0.4937961635632453
76 71 -0.03506205549716057
76 72 0.4603892430312775
73 49 -0.0884217435537431
73 50 0.11591994698749786
73 51 -0.6542392271892423
73 52 -0.9076566184200152
74 49 0.874186101286206
74 50 0.33020894645236565
74 51 -0.7603890780779357
74 52 -0.35908324222666566
75 49 -0.7994018534937537
75 50 0.09300210689829846
75 51 -0.06126661672714073
75 52 -0.6266454521821474
76 49 0.8135433946504536
76 50 -0.8447587031763537
76 51 0.35773014617328247
76 52 -0.12981158955229333
77 78 -0.2078303049182686
77 79 0.32295856941303236
77 80 0.5951403194451002
78 79 0.3068134260046036
78 80 -0.39078917125974866
79 80 -0.8919145142930065
77 57 0.7893520838335482
77 58 -0.04011500345218577
77 59 -0.9071730023842046
77 60 0.17494754248158118
78 57 0.4509794366449371
78 58 -0.24264108415904473
78 59 0.1224948640338841
78 60 0.1468304233358746
79 57 -0.40851682251891774
79 58 -0.5955619439381168
79 59 -0.09142565179382078
79 60 0.08319874756026735
80 57 -0.3153576915479941
80 58 0.41412331218570775
80 59 -0.9915818742968316
80 60 0.03397065769007357
77 73 -0.73970550434693
77 74 0.35231277806463424
77 75 0.8536335391735528
77 76 0.8695858224699511
78 73 -0.4328935658742281
78 74 0.7414700300596899
78 75 0.26986110042207656
78 76 0.040958452703949044
79 73 0.6702810256686349
79 74 -0.15479808993694677
79 75 -0.3896323383306026
79 76 -0.4754571796295217
80 73 -0.4125706122285664
80 74 -0.1961195296294187
80 75 0.1002799544997568
80 76 0.22774050962386871
77 53 -0.6135461559569804
77 54 0.5589657730469952
77 55 0.23381911464881266
77 56 -0.8052568269837399
78 53 0.6418391366643472
78 54 -0.8321899211348067
78 55 -0.027615528068267503
78 56 -0.8919219614586222
79 53 0.8241058082648272
79 54 -0.3589726503405515
79 55 -0.7781359688649838
79 56 0.7263330779863437
80 53 -0.9564767016422886
80 54 0.2845348522497342
80 55 -0.18807034641818454
80 56 0.7301228074138542
81 82 0.1553323559883888
81 83 0.263697553439435
81 84 -0.1284211863439204
82 83 0.6280186563742018
82 84 -0.4985696889124669
83 84 -0.5326870115718285
81 61 0.929562954715413
81 62 -0.6108955271337799
81 63 -0.882649164711943
81 64 -0.5669179445492689
82 61 -0.018000734161984333
82 62 -0.43939628245523776
82 63 0.5374920488778994
82 64 -0.7553869163460669
83 61 0.01348699266256781
83 62 -0.1292447316057821
83 63 -0.3374427800408146
83 64 -0.677209752187033
84 61 0.0049901742923779135
84 62 0.48876484771450746
84 63 0.9305935848549449
84 64 0.524711438180697
85 86 0.7168476867139371
85 87 0.4785703861913029
85 88 0.4142387505974059
86 87 0.7143745622029947
86 88 -0.9602415767145123
87 88 -0.8050220168953448
85 65 0.26951495274752246
85 66 -0.7366509398712586
85 67 -0.8772405439937467
85 68 0.16868795411569315
86 65 -0.09620792052080995
86 66 -0.46355976653070274
86 67 0.6846914601414145
86 68 -0.6692941399274415
87 65 0.25580528891148213
87 66 0.4777669820098378
87 67 -0.9358911396634659
87 68 -0.04512016811060393
88 65 -0.6408486108830904
88 66 0.4562741996820967
88 67 -0.45494040627179433
88 68 0.1550000476634532
85 81 -0.4340163331256197
85 82 -0.8541125647529892
85 83 -0.8879008475363421
85 84 0.024146832262173623
86 81 0.23176510396572136
86 82 -0.8213020862969231
86 83 -0.2940373138255523
86 84 0.8859482051031078
87 81 0.6756162596199344
87 82 -0.3333274222783611
87 83 -0.6581589722960159
87 84 -0.22251235915363843
88 81 -0.8102600791404726
88 82 0.5033640521046043
88 83 -0.893333849102798
88 84 0.10601299533738873
85 61 0.5273359048541371
85 62 0.3666151179881285
85 63 -0.9575341113632894
85 64 -0.5468023246312157
86 61 -0.9900853198121635
86 62 0.23250129299067468
86 63 0.8757204447206044
86 64 0.8082708228863826
87 61 0.3165476555472364
87 62 0.7684362141375276
87 63 0.7033090409548095
87 64 -0.3965264197170413
88 61 0.40126205585259545
88 62 0.7900122968678691
88 63 0.001021916639644349
88 64 -0.9459971524930184
89 90 0.3203690080416979
89 91 0.48149186738812344
89 92 -0.03898155017274352
90 91 -0.812711905586379
90 92 -0.8585418554840356
91 92 -0.24651401013800633
89 69 0.6540471166083521
89 70 0.23568568258427858
89 71 -0.9390828710424486
89 72 -0.8439335509921466
90 69 0.1539493885555534
90 70 -0.7567831358160073
90 71 0.97352419115095
90 72 0.6874608355276048
91 69 -0.19848431531616106
91 70 -0.09919470557953747
91 71 -0.3325732642147199
91 72 -0.7250009022868136
92 69 -0.8501353184957181
92 70 0.6918796543148571
92 71 0.18180668774076802
92 72 -0.7771479433056341
89 85 -0.615015270127012
89 86 -0.9803949022882745
89 87 -0.7370480251892328
89 88 -0.05828933285386473
90 85 -0.0967954060363474
90 86 -0.8635894393778905
90 87 0.28378417128025113
90 88 0.9023633573029033
91 85 -0.8486121233901542
91 86 -0.666535329726905
91 87 0.6830916186629366
91 88 -0.3601121445573945
92 85 0.7731455150941589
92 86 0.0034756577990591175
92 87 -0.5506657637725423
92 88 0.36794424333093523
89 65 0.10436249118437058
89 66 0.9445004943096249
89 67 -0.044952926270048765
89 68 0.11127444864859104
90 65 0.9326048794954493
90 66 -0.9477565408089021
90 67 0.6034871215663069
90 68 -0.6639996997161628
91 65 0.04867219961259672
91 66 0.6148402131737878
91 67 -0.3653839523000062
91 68 0.9783416614649099
92 65 0.6309758653655153
92 66 -0.5913445943625888
92 67 0.8143775187293043
92 68 0.3707032258150975
93 94 0.33020714243104354
93 95 -0.12423928874630996
93 96 0.45547342736549834
94 95 -0.557033083964801
94 96 -0.6539703271543129
95 96 0.5758572717114618
93 73 -0.3942923199222459
93 74 -0.9815321188770871
93 75 -0.599582345691603
93 76 -0.6149749427294176
94 73 -0.2421119594944512
94 74 -0.2965913837840348
94 75 0.5842394828165178
94 76 0.3997477422094473
95 73 0.3261513013908601
95 74 0.3969344217957338
95 75 0.37410563765757243
95 76 -0.02925554723508572
96 73 -0.7953829770731242
96 74 -0.9984241372166245
96 75 -0.4560597656867631
96 76 -0.41943081610018673
93 89 0.7087906599759684
93 90 -0.07037208327148003
93 91 -0.09381009375827976
93 92 -0.18305248028159937
94 89 -0.39078201838752347
94 90 -0.2484970398973365
94 91 -0.656808643316579
94 92 0.6766674325601638
95 89 -0.8152476261967139
95 90 -0.4565784273174014
95 91 0.1168286185347569
95 92 0.15310890727470028
96 89 0.6988128695495506
96 90 -0.3563110639821472
96 91 -0.6799849865903265
96 92 -0.9926231969335517
93 69 -0.9574694434855511
93 70 0.238606514440864
93 71 -0.8078742936999546
93 72 -0.08447502765370474
94 69 -0.9584458880882067
94 70 -0.08641435712481749
94 71 0.7807714565528985
94 72 0.20073324492759514
95 69 -0.8172629966224505
95 70 0.8147427455565315
95 71 -0.886110267302219
95 72 -0.11389541633582989
96 69 -0.7279922850187037
96 70 -0.3814290956207764
96 71 -0.48378201113495956
96 72 -0.8479055614494497
97 98 0.7704907004473087
97 99 -0.006709140761003596
97 100 -0.1802100571806191
98 99 -0.7238055006424766
98 100 0.7566084600956118
99 100 -0.6713059673107826
97 77 0.5776765824997818
97 78 -0.5239409741777685
97 79 -0.09789517168437722
97 80 -0.5722164311501365
98 77 -0.4614090465652332
98 78 0.02839830824570555
98 79 0.11541793112483578
98 80 0.8541797352010598
99 77 -0.6054633688365147
99 78 -0.28823628969532633
99 79 0.06048177771325003
99 80 -0.5230716975115368
100 77 -0.18590657253125586
100 78 0.4905105613670784
100 79 -0.8106990096199804
100 80 -0.9834133177979505
97 93 0.28081208477857733
97 94 0.3771700840518808
97 95 0.5794878093692304
97 96 -0.9138947843821681
98 93 -0.4401646425277639
98 94 -0.232220117770515
98 95 -0.2861971357585602
98 96 0.7914490575706443
99 93 0.9310787804604899
99 94 0.02018990287892275
99 95 0.559239677838208
99 96 -0.8602827517870493
100 93 -0.6234173661036508
100 94 0.5216661405644925
100 95 -0.1187729761584213
100 96 -0.7040943177913808
97 73 -0.3669857919265478
97 74 0.22809572684362056
97 75 -0.5371969442217714
97 76 0.2953047334673322
98 73 0.04678120806668962
98 74 0.09149870850949515
98 75 -0.4437461448748772
98 76 0.9284346500611411
99 73 -0.8666365989585747
99 74 -0.32422384050796205
99 75 -0.49586963049399646
99 76 -0.6727194546008275
100 73 -0.7683545575788708
100 74 -0.3190994059461316
100 75 -0.30895148711706955
100 76 0.4795079033628933
5 21 0.8820064525921962
5 22 -0.2551709480770772
5 23 -0.2945181581522409
5 24 0.6898805483875812
6 21 -0.22950541573929684
6 22 -0.5657718015306568
6 23 -0.9085450520573932
6 24 0.28602283955272934
7 21 0.07126905540564277
7 22 0.0660943921291397
7 23 0.4980982227355053
7 24 -0.5626636161857304
8 21 0.629746215454219
8 22 0.816982389951995
8 23 0.6701945227202404
8 24 -0.9904183520908625
9 25 -0.5230136321517682
9 26 0.05723063149038321
9 27 -0.5021391820841581
9 28 0.8440377889047495
10 25 0.9666588217157261
10 26 -0.34681695329294393
10 27 0.5925659989780478
10 28 0.12394547609799877
11 25 0.7912714655145112
11 26 -0.4400754507936706
11 27 0.6872853474528462
11 28 -0.9886178907879581
12 25 0.8633262799732637
12 26 0.8637479867901112
12 27 0.7713857683221776
12 28 0.1454597256744743
13 29 -0.8439811268421491
13 30 0.2217660219906472
13 31 0.15081881024352728
13 32 -0.5466744737571987
14 29 0.4942080007054761
14 30 -0.9726527861259875
14 31 0.48641638141527244
14 32 0.8447156443201849
15 29 -0.5454214470975185
15 30 -0.9704293053217103
15 31 0.17185809918190853
15 32 0.4707386411292789
16 29 -0.9998201674444263
16 30 -0.4536983268611794
16 31 -0.22525371592638432
16 32 0.28595568975451013
17 33 0.29892825954579005
17 34 0.7215395972500189
17 35 -0.10495821754954937
17 36 0.2903620541174954
18 33 -0.22458919672417266
18 34 0.19459418867784617
18 35 -0.4434092175325519
18 36 0.9495117758926686
19 33 -0.10257153415817832
19 34 0.11156942052557284
19 35 -0.800634703193799
19 36 -0.9626709903829891
20 33 0.2899695142988845
20 34 -0.47621458638917913
20 35 0.3436618538956575
20 36 -0.05206593992093089
25 41 -0.6213808081926782
25 42 0.6555936496519121
25 43 0.007224361331126916
25 44 0.8137968253157657
26 41 0.2602177087063806
26 42 -0.7529644944997176
26 43 -0.1618699027634103
26 44 -0.056550030410875474
27 41 0.6722776223492024
27 42 0.175871716689733
27 43 -0.550892090205459
27 44 0.4042077581362151
28 41 -0.06862802231389797
28 42 -0.42798317481323567
28 43 -0.9167606662579595
28 44 -0.5270642147340421
29 45 0.6076409829133165
29 46 -0.6475330264157375
29 47 0.24836735028150092
29 48 -0.039165754581464984
30 45 -0.2797756487353056
30 46 -0.9465981741128382
30 47 0.42886515426399896
30 48 -0.9354042726935217
31 45 0.22655336870685838
31 46 0.848714522816568
31 47 -0.1951747372454138
31 48 0.3698991253654127
32 45 0.8705792161265316
32 46 -0.8168910508964837
32 47 -0.2184285064629936
32 48 0.8858172348224931
33 49 0.6812320566054939
33 50 0.359136111270812
33 51 0.08951239689884871
33 52 0.27462619209556505
34 49 0.6437317880109936
34 50 -0.5951750265231202
34 51 0.11020455209396207
34 52 0.09821979851579465
35 49 0.17471443136923215
35 50 0.09277744177234726
35 51 -0.11433000914705316
35 52 0.8437355340645869
36 49 -0.19247362399469004
36 50 0.2632187677050901
36 51 0.7133774912861865
36 52 -0.20355355484415716
37 53 -0.7122704982722874
37 54 -0.6977109173498597
37 55 0.19263417167583508
37 56 0.3367074940832335
38 53 -0.8128651939224196
38 54 0.6031932127625819
38 55 -0.833381352838162
38 56 0.6799186581957686
39 53 0.37230348269125524
39 54 -0.12316454087545314
39 55 0.7043810827391683
39 56 0.029427665604775832
40 53 -0.04084284682357531
40 54 0.8765840505839386
40 55 -0.8733702542300792
40 56 0.6560699626328788
45 61 0.5366269495221128
45 62 -0.7111479048292271
45 63 0.10005695014982852
45 64 0.35932418387374976
46 61 0.25363513911710234
46 62 -0.3343748064490377
46 63 0.3579449065281335
46 64 -0.7383738270173279
47 61 0.19272342055542002
47 62 -0.23324407910676936
47 63 0.3520420526402952
47 64 0.7874017593711506
48 61 -0.0022062186664169037
48 62 -0.8134097492302548
48 63 0.7256774367612346
48 64 -0.24810802316763536
49 65 0.3128397308162383
49 66 0.22967956499015374
49 67 -0.7368532247245689
49 68 0.3925981885318752
50 65 -0.821731138083575
50 66 -0.9254057967509688
50 67 -0.09275043132685368
50 68 -0.40047069719799033
51 65 0.5871803461374305
51 66 0.9934079413433565
51 67 -0.5874444801133534
51 68 0.6072770938384531
52 65 -0.06783681785446882
52 66 0.7083289118427161
52 67 -0.998170862829566
52 68 0.08574312392102335
53 69 -0.5860220488853742
53 70 -0.29535829951560566
53 71 0.9042112724118496
53 72 -0.05776498728545976
54 69 0.6314391924710718
54 70 -0.4999882926960064
54 71 0.2036487709232686
54 72 -0.5386894237610957
55 69 0.03487951636954345
55 70 -0.5201270110509597
55 71 0.8157928856181418
55 72 -0.9796997654713979
56 69 0.1417993471219463
56 70 0.3393625538069698
56 71 -0.38990633804771924
56 72 0.37028374252615026
57 73 0.26446948748638555
57 74 -0.9411616938301266
57 75 0.7659604586342945
57 76 0.4326968527881454
58 73 -0.7398476641008007
58 74 0.14628109952122625
58 75 0.8309832318086772
58 76 0.9039909115061175
59 73 0.30875653397755776
59 74 -0.30757395250224695
59 75 -0.8264052069505192
59 76 -0.4387774445380812
60 73 -0.7852597719998566
60 74 0.04774116636349435
60 75 0.3329742917251233
60 76 0.24931154830575553
65 81 -0.916779863313615
65 82 -0.3272345573818991
65 83 -0.9915163737681536
65 84 0.7032994630147777
66 81 0.2042877958674214
66 82 -0.9848086861633054
66 83 -0.8593850376084124
66 84 -0.008453760795277265
67 81 -0.9878937532863326
67 82 0.3461291624973799
67 83 0.8578607338698392
67 84 -0.13530331840653953
68 81 -0.5923176986609249
68 82 -0.9847863708933831
68 83 0.2742984588609909
68 84 -0.23983918277056238
69 85 0.3609726537539071
69 86 -0.8513574785872127
69 87 -0.16202203737132126
69 88 -0.597237297774766
70 85 0.056776353530791024
70 86 -0.43519820291308564
70 87 -0.3479654415722655
70 88 -0.833484421926759
71 85 -0.11336810551564858
71 86 -0.23786017294195805
71 87 -0.38331506745525523
71 88 0.036673880650355706
72 85 -0.11068158420752594
72 86 0.6702634371004048
72 87 -0.8362095507029033
72 88 -0.8297604893775381
73 89 0.7230486152633528
73 90 0.23983742276615816
73 91 0.9352598113614674
73 92 0.9741494070368244
74 89 0.9142575768053676
74 90 -0.4656771640950368
74 91 0.7510577736253032
74 92 -0.2251165099552308
75 89 0.14630915936552835
75 90 0.5334655515274387
75 91 -0.9330109058260063
75 92 0.12468090523721242
76 89 -0.11687025516536109
76 90 -0.3746940915715382
76 91 0.4332330670245079
76 92 -0.09213702260210366
77 93 -0.8160979179559773
77 94 0.4296994090083519
77 95 -0.855353073113075
77 96 -0.5526021588794336
78 93 0.17152343469617048
78 94 -0.024547093146845
78 95 0.18158533474364025
78 96 0.21033628997962794
79 93 0.11422330063307884
79 94 0.056375999207825656
79 95 -0.393863344482998
79 96 -0.6038474584449363
80 93 0.6048090433750744
80 94 0.22467279233181814
80 95 0.8712115625477881
80 96 -0.9679586884122511
